 1.00000000e+00  7.09509375e-03  1.00000000e+00  4.48748901e-04 
 1.25892541e+00  7.09509375e-03  1.25892541e+00  5.64941395e-04 
 1.58489319e+00  7.09509375e-03  1.58489319e+00  7.11219079e-04 
 1.99526231e+00  7.09509375e-03  1.99526231e+00  8.95371771e-04 
 2.51188643e+00  7.09509375e-03  2.51188643e+00  1.12720628e-03 
 3.16227766e+00  7.09509375e-03  3.16227766e+00  1.41906862e-03 
 3.98107171e+00  7.09509375e-03  3.98107171e+00  1.78650155e-03 
 5.01187234e+00  7.09509375e-03  5.01187234e+00  2.24907220e-03 
 6.30957344e+00  7.09509376e-03  6.30957344e+00  2.83141415e-03 
 7.94328235e+00  7.09509376e-03  7.94328235e+00  3.56453922e-03 
 1.00000000e+01  7.09509377e-03  1.00000000e+01  4.48748900e-03 
 1.25892541e+01  7.09509378e-03  1.25892541e+01  5.64941393e-03 
 1.58489319e+01  7.09509380e-03  1.58489319e+01  7.11219075e-03 
 1.99526231e+01  7.09509384e-03  1.99526231e+01  8.95371764e-03 
 2.51188643e+01  7.09509389e-03  2.51188643e+01  1.12720626e-02 
 3.16227766e+01  7.09509397e-03  3.16227766e+01  1.41906860e-02 
 3.98107171e+01  7.09509410e-03  3.98107171e+01  1.78650149e-02 
 5.01187234e+01  7.09509430e-03  5.01187234e+01  2.24907209e-02 
 6.30957344e+01  7.09509463e-03  6.30957344e+01  2.83141391e-02 
 7.94328235e+01  7.09509517e-03  7.94328235e+01  3.56453874e-02 
 1.00000000e+02  7.09509598e-03  1.00000000e+02  4.48748806e-02 
 1.25892541e+02  7.09509727e-03  1.25892541e+02  5.64941206e-02 
 1.58489319e+02  7.09509935e-03  1.58489319e+02  7.11218700e-02 
 1.99526231e+02  7.09510262e-03  1.99526231e+02  8.95371017e-02 
 2.51188643e+02  7.09510781e-03  2.51188643e+02  1.12720477e-01 
 3.16227766e+02  7.09511604e-03  3.16227766e+02  1.41906562e-01 
 3.98107171e+02  7.09512908e-03  3.98107171e+02  1.78649555e-01 
 5.01187234e+02  7.09514973e-03  5.01187234e+02  2.24906023e-01 
 6.30957344e+02  7.09518248e-03  6.30957344e+02  2.83139026e-01 
 7.94328235e+02  7.09523438e-03  7.94328235e+02  3.56449156e-01 
 1.00000000e+03  7.09531661e-03  1.00000000e+03  4.48739391e-01 
 1.25892541e+03  7.09544696e-03  1.25892541e+03  5.64922421e-01 
 1.58489319e+03  7.09565354e-03  1.58489319e+03  7.11181222e-01 
 1.99526231e+03  7.09598094e-03  1.99526231e+03  8.95296239e-01 
 2.51188643e+03  7.09649981e-03  2.51188643e+03  1.12705558e+00 
 3.16227766e+03  7.09732208e-03  3.16227766e+03  1.41876799e+00 
 3.98107171e+03  7.09862509e-03  3.98107171e+03  1.78590184e+00 
 5.01187234e+03  7.10068976e-03  5.01187234e+03  2.24787604e+00 
 6.30957344e+03  7.10396076e-03  6.30957344e+03  2.82902881e+00 
 7.94328235e+03  7.10914190e-03  7.94328235e+03  3.55978400e+00 
 1.00000000e+04  7.11734572e-03  1.00000000e+04  4.47801424e+00 
 1.25892541e+04  7.13032854e-03  1.25892541e+04  5.63055065e+00 
 1.58489319e+04  7.15085665e-03  1.58489319e+04  7.07468346e+00 
 1.99526231e+04  7.18327134e-03  1.99526231e+04  8.87928723e+00 
 2.51188643e+04  7.23434761e-03  2.51188643e+04  1.11248186e+01 
 3.16227766e+04  7.31456739e-03  3.16227766e+04  1.39007907e+01 
 3.98107171e+04  7.43993545e-03  3.98107171e+04  1.72984288e+01 
 5.01187234e+04  7.63441399e-03  5.01187234e+04  2.13954039e+01 
 6.30957344e+04  7.93288025e-03  6.30957344e+04  2.62300266e+01 
 7.94328235e+04  8.38417845e-03  7.94328235e+04  3.17664399e+01 
 1.00000000e+05  9.05346588e-03  1.00000000e+05  3.78620879e+01 
 1.25892541e+05  1.00230676e-02  1.25892541e+05  4.42597910e+01 
 1.58489319e+05  1.13919385e-02  1.58489319e+05  5.06245482e+01 
 1.99526231e+05  1.32753290e-02  1.99526231e+05  5.66186565e+01 
 2.51188643e+05  1.58069707e-02  2.51188643e+05  6.19771432e+01 
 3.16227766e+05  1.91451466e-02  3.16227766e+05  6.65451546e+01 
 3.98107171e+05  2.34824096e-02  3.98107171e+05  7.02701860e+01 
 5.01187234e+05  2.90580084e-02  5.01187234e+05  7.31689881e+01 
 6.30957344e+05  3.61724782e-02  6.30957344e+05  7.52915854e+01 
 7.94328235e+05  4.52045559e-02  7.94328235e+05  7.66938317e+01 
 1.00000000e+06  5.66309732e-02  1.00000000e+06  7.74201305e+01 
 1.25892541e+06  7.10496764e-02  1.25892541e+06  7.74936369e+01 
 1.58489319e+06  8.92065787e-02  1.58489319e+06  7.69107507e+01 
 1.99526231e+06  1.12024959e-01  1.99526231e+06  7.56374732e+01 
 2.51188643e+06  1.40634737e-01  2.51188643e+06  7.36061059e+01 
 3.16227766e+06  1.76395652e-01  3.16227766e+06  7.07113334e+01 
 3.98107171e+06  2.20903875e-01  3.98107171e+06  6.68048433e+01 
 5.01187234e+06  2.75966885e-01  5.01187234e+06  6.16867722e+01 
 6.30957344e+06  3.43528017e-01  6.30957344e+06  5.50890205e+01 
 7.94328235e+06  4.25499745e-01  7.94328235e+06  4.66363236e+01 
 1.00000000e+07  5.23248583e-01  1.00000000e+07  3.57509609e+01 
 1.25892541e+07  6.35150906e-01  1.25892541e+07  2.14478884e+01 
 1.58489319e+07  7.45281318e-01  1.58489319e+07  2.11129496e+00 
 1.99526231e+07  7.92600665e-01  1.99526231e+07 -2.35705391e+01 
 2.51188643e+07  6.92195765e-01  2.51188643e+07 -5.21842440e+01 
 3.16227766e+07  4.99611796e-01  3.16227766e+07 -7.55237783e+01 
 3.98107171e+07  3.32914299e-01  3.98107171e+07 -9.04148805e+01 
 5.01187234e+07  2.20488243e-01  5.01187234e+07 -9.86045159e+01 
 6.30957344e+07  1.49074536e-01  6.30957344e+07 -1.02246269e+02 
 7.94328235e+07  1.03720070e-01  7.94328235e+07 -1.02882914e+02 
 1.00000000e+08  7.43455842e-02  1.00000000e+08 -1.01602535e+02 
 1.25892541e+08  5.47752340e-02  1.25892541e+08 -9.91821064e+01 
 1.58489319e+08  4.13111423e-02  1.58489319e+08 -9.61422546e+01 
 1.99526231e+08  3.17494759e-02  1.99526231e+08 -9.27851668e+01 
 2.51188643e+08  2.47688456e-02  2.51188643e+08 -8.92463627e+01 
 3.16227766e+08  1.95620917e-02  3.16227766e+08 -8.55542987e+01 
 3.98107171e+08  1.56198070e-02  3.98107171e+08 -8.16848218e+01 
 5.01187234e+08  1.26055870e-02  5.01187234e+08 -7.76029028e+01 
 6.30957344e+08  1.02853617e-02  6.30957344e+08 -7.32863227e+01 
 7.94328235e+08  8.48868673e-03  7.94328235e+08 -6.87254975e+01 
 1.00000000e+09  7.08921943e-03  1.00000000e+09 -6.39021571e+01 
 1.25892541e+09  5.99541384e-03  1.25892541e+09 -5.87714796e+01 
 1.58489319e+09  5.14380055e-03  1.58489319e+09 -5.32825325e+01 
 1.99526231e+09  4.49052644e-03  1.99526231e+09 -4.74402458e+01 
 2.51188643e+09  4.00211808e-03  2.51188643e+09 -4.13627546e+01 
 3.16227766e+09  3.64891702e-03  3.16227766e+09 -3.52808919e+01 
 3.98107171e+09  3.40274655e-03  3.98107171e+09 -2.94736652e+01 
 5.01187234e+09  3.23754210e-03  5.01187234e+09 -2.41841806e+01 
 6.30957344e+09  3.13074914e-03  6.30957344e+09 -1.95652723e+01 
 7.94328235e+09  3.06414270e-03  7.94328235e+09 -1.56696499e+01 
 1.00000000e+10  3.02388381e-03  1.00000000e+10 -1.24698342e+01 
