 1.00000000e+00  2.35142405e+02  1.00000000e+00 -4.51875303e-02 
 1.25892541e+00  2.35142363e+02  1.25892541e+00 -5.68877233e-02 
 1.58489319e+00  2.35142295e+02  1.58489319e+00 -7.16173868e-02 
 1.99526231e+00  2.35142188e+02  1.99526231e+00 -9.01609208e-02 
 2.51188643e+00  2.35142018e+02  2.51188643e+00 -1.13505820e-01 
 3.16227766e+00  2.35141748e+02  3.16227766e+00 -1.42895252e-01 
 3.98107171e+00  2.35141321e+02  3.98107171e+00 -1.79894246e-01 
 5.01187234e+00  2.35140644e+02  5.01187234e+00 -2.26473003e-01 
 6.30957344e+00  2.35139571e+02  6.30957344e+00 -2.85111752e-01 
 7.94328235e+00  2.35137870e+02  7.94328235e+00 -3.58932700e-01 
 1.00000000e+01  2.35135175e+02  1.00000000e+01 -4.51866046e-01 
 1.25892541e+01  2.35130904e+02  1.25892541e+01 -5.68858763e-01 
 1.58489319e+01  2.35124135e+02  1.58489319e+01 -7.16137017e-01 
 1.99526231e+01  2.35113407e+02  1.99526231e+01 -9.01535683e-01 
 2.51188643e+01  2.35096409e+02  2.51188643e+01 -1.13491151e+00 
 3.16227766e+01  2.35069476e+02  3.16227766e+01 -1.42865988e+00 
 3.98107171e+01  2.35026809e+02  3.98107171e+01 -1.79835869e+00 
 5.01187234e+01  2.34959233e+02  5.01187234e+01 -2.26356568e+00 
 6.30957344e+01  2.34852253e+02  6.30957344e+01 -2.84879561e+00 
 7.94328235e+01  2.34682999e+02  7.94328235e+01 -3.58469824e+00 
 1.00000000e+02  2.34415499e+02  1.00000000e+02 -4.50943764e+00 
 1.25892541e+02  2.33993406e+02  1.25892541e+02 -5.67022589e+00 
 1.58489319e+02  2.33329080e+02  1.58489319e+02 -7.12485999e+00 
 1.99526231e+02  2.32287687e+02  1.99526231e+02 -8.94290471e+00 
 2.51188643e+02  2.30665378e+02  2.51188643e+02 -1.12057836e+01 
 3.16227766e+02  2.28162403e+02  3.16227766e+02 -1.40044044e+01 
 3.98107171e+02  2.24357148e+02  3.98107171e+02 -1.74320499e+01 
 5.01187234e+02  2.18697826e+02  5.01187234e+02 -2.15694486e+01 
 6.30957344e+02  2.10544631e+02  6.30957344e+02 -2.64593662e+01 
 7.94328235e+02  1.99304967e+02  7.94328235e+02 -3.20721003e+01 
 1.00000000e+03  1.84676387e+02  1.00000000e+03 -3.82728662e+01 
 1.25892541e+03  1.66916697e+02  1.25892541e+03 -4.48132363e+01 
 1.58489319e+03  1.46952223e+02  1.58489319e+03 -5.13670890e+01 
 1.99526231e+03  1.26174993e+02  1.99526231e+03 -5.76056252e+01 
 2.51188643e+03  1.06014940e+02  2.51188643e+03 -6.32737629e+01 
 3.16227766e+03  8.75587628e+01  3.16227766e+03 -6.82294363e+01 
 3.98107171e+03  7.14011423e+01  3.98107171e+03 -7.24375304e+01 
 5.01187234e+03  5.77061768e+01  5.01187234e+03 -7.59381380e+01 
 6.30957344e+03  4.63556265e+01  6.30957344e+03 -7.88118267e+01 
 7.94328235e+03  3.70884304e+01  7.94328235e+03 -8.11534751e+01 
 1.00000000e+04  2.95964616e+01  1.00000000e+04 -8.30568774e+01 
 1.25892541e+04  2.35782012e+01  1.25892541e+04 -8.46072996e+01 
 1.58489319e+04  1.87635102e+01  1.58489319e+04 -8.58790356e+01 
 1.99526231e+04  1.49217205e+01  1.99526231e+04 -8.69356015e+01 
 2.51188643e+04  1.18612985e+01  2.51188643e+04 -8.78311293e+01 
 3.16227766e+04  9.42586028e+00  3.16227766e+04 -8.86122335e+01 
 3.98107171e+04  7.48903110e+00  3.98107171e+04 -8.93199546e+01 
 5.01187234e+04  5.94933766e+00  5.01187234e+04 -8.99916877e+01 
 6.30957344e+04  4.72562434e+00  6.30957344e+04 -9.06630266e+01 
 7.94328235e+04  3.75314495e+00  7.94328235e+04 -9.13695622e+01 
 1.00000000e+05  2.98032290e+00  1.00000000e+05 -9.21487043e+01 
 1.25892541e+05  2.36610937e+00  1.25892541e+05 -9.30415714e+01 
 1.58489319e+05  1.87785010e+00  1.58489319e+05 -9.40949914e+01 
 1.99526231e+05  1.48957367e+00  1.99526231e+05 -9.53636431e+01 
 2.51188643e+05  1.18062337e+00  2.51188643e+05 -9.69122841e+01 
 3.16227766e+05  9.34567031e-01  3.16227766e+05 -9.88178597e+01 
 3.98107171e+05  7.38331583e-01  3.98107171e+05 -1.01171029e+02 
 5.01187234e+05  5.81520164e-01  5.01187234e+05 -1.04076138e+02 
 6.30957344e+05  4.55879621e-01  6.30957344e+05 -1.07647915e+02 
 7.94328235e+05  3.54894422e-01  7.94328235e+05 -1.12002213e+02 
 1.00000000e+06  2.73486298e-01  1.00000000e+06 -1.17237696e+02 
 1.25892541e+06  2.07793007e-01  1.25892541e+06 -1.23407058e+02 
 1.58489319e+06  1.54980730e-01  1.58489319e+06 -1.30482981e+02 
 1.99526231e+06  1.13025521e-01  1.99526231e+06 -1.38335381e+02 
 2.51188643e+06  8.04204861e-02  2.51188643e+06 -1.46743771e+02 
 3.16227766e+06  5.58545555e-02  3.16227766e+06 -1.55455350e+02 
 3.98107171e+06  3.79937083e-02  3.98107171e+06 -1.64265678e+02 
 5.01187234e+06  2.54528999e-02  5.01187234e+06 -1.73076679e+02 
 6.30957344e+06  1.69066431e-02  6.30957344e+06  1.78097592e+02 
 7.94328235e+06  1.12138138e-02  7.94328235e+06  1.69173624e+02 
 1.00000000e+07  7.47905296e-03  1.00000000e+07  1.60067719e+02 
 1.25892541e+07  5.04771779e-03  1.25892541e+07  1.50768948e+02 
 1.58489319e+07  3.46488738e-03  1.58489319e+07  1.41392501e+02 
 1.99526231e+07  2.42603114e-03  1.99526231e+07  1.32188344e+02 
 2.51188643e+07  1.73339474e-03  2.51188643e+07  1.23491558e+02 
 3.16227766e+07  1.26190893e-03  3.16227766e+07  1.15629475e+02 
 3.98107171e+07  9.33916952e-04  3.98107171e+07  1.08824436e+02 
 5.01187234e+07  7.01225230e-04  5.01187234e+07  1.03132265e+02 
 6.30957344e+07  5.33261631e-04  6.30957344e+07  9.84405537e+01 
 7.94328235e+07  4.10009095e-04  7.94328235e+07  9.45215142e+01 
 1.00000000e+08  3.18069849e-04  1.00000000e+08  9.11037352e+01 
 1.25892541e+08  2.48401511e-04  1.25892541e+08  8.79245210e+01 
 1.58489319e+08  1.94869864e-04  1.58489319e+08  8.47497517e+01 
 1.99526231e+08  1.53263964e-04  1.99526231e+08  8.13707899e+01 
 2.51188643e+08  1.20632960e-04  2.51188643e+08  7.75928670e+01 
 3.16227766e+08  9.48561076e-05  3.16227766e+08  7.32246319e+01 
 3.98107171e+08  7.43724018e-05  3.98107171e+08  6.80739825e+01 
 5.01187234e+08  5.80131403e-05  5.01187234e+08  6.19537824e+01 
 6.30957344e+08  4.48984296e-05  6.30957344e+08  5.47012186e+01 
 7.94328235e+08  3.43716405e-05  7.94328235e+08  4.62135962e+01 
 1.00000000e+09  2.59524946e-05  1.00000000e+09  3.64982559e+01 
 1.25892541e+09  1.92929694e-05  1.25892541e+09  2.57247916e+01 
 1.58489319e+09  1.41277505e-05  1.58489319e+09  1.42613889e+01 
 1.99526231e+09  1.02262892e-05  1.99526231e+09  2.68559670e+00 
 2.51188643e+09  7.36524112e-06  2.51188643e+09 -8.22425525e+00 
 3.16227766e+09  5.33116921e-06  3.16227766e+09 -1.75299158e+01 
 3.98107171e+09  3.93978428e-06  3.98107171e+09 -2.43216935e+01 
 5.01187234e+09  3.04377587e-06  5.01187234e+09 -2.82937731e+01 
 6.30957344e+09  2.51188507e-06  6.30957344e+09 -3.05445845e+01 
 7.94328235e+09  2.20411621e-06  7.94328235e+09 -3.32216851e+01 
 1.00000000e+10  1.99003604e-06  1.00000000e+10 -3.76938302e+01 
