 1.00000000e+00  1.47722731e+02  1.00000000e+00 -1.63198637e-02 
 1.25892541e+00  1.47722728e+02  1.25892541e+00 -2.05454908e-02 
 1.58489319e+00  1.47722722e+02  1.58489319e+00 -2.58652398e-02 
 1.99526231e+00  1.47722714e+02  1.99526231e+00 -3.25624064e-02 
 2.51188643e+00  1.47722700e+02  2.51188643e+00 -4.09936383e-02 
 3.16227766e+00  1.47722678e+02  3.16227766e+00 -5.16079280e-02 
 3.98107171e+00  1.47722643e+02  3.98107171e+00 -6.49705219e-02 
 5.01187234e+00  1.47722588e+02  5.01187234e+00 -8.17930208e-02 
 6.30957344e+00  1.47722501e+02  6.30957344e+00 -1.02971272e-01 
 7.94328235e+00  1.47722363e+02  7.94328235e+00 -1.29633071e-01 
 1.00000000e+01  1.47722145e+02  1.00000000e+01 -1.63198207e-01 
 1.25892541e+01  1.47721798e+02  1.25892541e+01 -2.05454050e-01 
 1.58489319e+01  1.47721248e+02  1.58489319e+01 -2.58650686e-01 
 1.99526231e+01  1.47720377e+02  1.99526231e+01 -3.25620649e-01 
 2.51188643e+01  1.47718997e+02  2.51188643e+01 -4.09929570e-01 
 3.16227766e+01  1.47716809e+02  3.16227766e+01 -5.16065684e-01 
 3.98107171e+01  1.47713342e+02  3.98107171e+01 -6.49678093e-01 
 5.01187234e+01  1.47707848e+02  5.01187234e+01 -8.17876088e-01 
 6.30957344e+01  1.47699141e+02  6.30957344e+01 -1.02960475e+00 
 7.94328235e+01  1.47685345e+02  7.94328235e+01 -1.29611529e+00 
 1.00000000e+02  1.47663488e+02  1.00000000e+02 -1.63155233e+00 
 1.25892541e+02  1.47628866e+02  1.25892541e+02 -2.05368331e+00 
 1.58489319e+02  1.47574045e+02  1.58489319e+02 -2.58479731e+00 
 1.99526231e+02  1.47487283e+02  1.99526231e+02 -3.25279791e+00 
 2.51188643e+02  1.47350088e+02  2.51188643e+02 -4.09250237e+00 
 3.16227766e+02  1.47133431e+02  3.16227766e+02 -5.14712655e+00 
 3.98107171e+02  1.46792002e+02  3.98107171e+02 -6.46986049e+00 
 5.01187234e+02  1.46255708e+02  5.01187234e+02 -8.12528597e+00 
 6.30957344e+02  1.45417650e+02  6.30957344e+02 -1.01900949e+01 
 7.94328235e+02  1.44118433e+02  7.94328235e+02 -1.27520530e+01 
 1.00000000e+03  1.42128797e+02  1.00000000e+03 -1.59053621e+01 
 1.25892541e+03  1.39137581e+02  1.25892541e+03 -1.97396403e+01 
 1.58489319e+03  1.34760938e+02  1.58489319e+03 -2.43193939e+01 
 1.99526231e+03  1.28598309e+02  1.99526231e+03 -2.96529480e+01 
 2.51188643e+03  1.20356742e+02  2.51188643e+03 -3.56569047e+01 
 3.16227766e+03  1.10024445e+02  3.16227766e+03 -4.21338577e+01 
 3.98107171e+03  9.80003670e+01  3.98107171e+03 -4.87873225e+01 
 5.01187234e+03  8.50573003e+01  5.01187234e+03 -5.52825986e+01 
 6.30957344e+03  7.21183929e+01  6.30957344e+03 -6.13284736e+01 
 7.94328235e+03  5.99832376e+01  7.94328235e+03 -6.67363727e+01 
 1.00000000e+04  4.91640111e+01  1.00000000e+04 -7.14334561e+01 
 1.25892541e+04  3.98736582e+01  1.25892541e+04 -7.54393987e+01 
 1.58489319e+04  3.21044733e+01  1.58489319e+04 -7.88313192e+01 
 1.99526231e+04  2.57229602e+01  1.99526231e+04 -8.17135768e+01 
 2.51188643e+04  2.05429847e+01  2.51188643e+04 -8.41985160e+01 
 3.16227766e+04  1.63703445e+01  3.16227766e+04 -8.63967282e+01 
 3.98107171e+04  1.30253096e+01  3.98107171e+04 -8.84137702e+01 
 5.01187234e+04  1.03515528e+01  5.01187234e+04 -9.03505959e+01 
 6.30957344e+04  8.21779936e+00  6.30957344e+04 -9.23059300e+01 
 7.94328235e+04  6.51607450e+00  7.94328235e+04 -9.43794060e+01 
 1.00000000e+05  5.15867093e+00  1.00000000e+05 -9.66747238e+01 
 1.25892541e+05  4.07489293e+00  1.25892541e+05 -9.93020265e+01 
 1.58489319e+05  3.20806080e+00  1.58489319e+05 -1.02378366e+02 
 1.99526231e+05  2.51296892e+00  1.99526231e+05 -1.06024355e+02 
 2.51188643e+05  1.95385470e+00  2.51188643e+05 -1.10354237e+02 
 3.16227766e+05  1.50285645e+00  3.16227766e+05 -1.15456301e+02 
 3.98107171e+05  1.13884794e+00  3.98107171e+05 -1.21362816e+02 
 5.01187234e+05  8.46397787e-01  5.01187234e+05 -1.28015927e+02 
 6.30957344e+05  6.14493512e-01  6.30957344e+05 -1.35247639e+02 
 7.94328235e+05  4.34831498e-01  7.94328235e+05 -1.42797817e+02 
 1.00000000e+06  3.00014271e-01  1.00000000e+06 -1.50377955e+02 
 1.25892541e+06  2.02423389e-01  1.25892541e+06 -1.57754453e+02 
 1.58489319e+06  1.34188779e-01  1.58489319e+06 -1.64807804e+02 
 1.99526231e+06  8.78697613e-02  1.99526231e+06 -1.71544589e+02 
 2.51188643e+06  5.71395516e-02  2.51188643e+06 -1.78071929e+02 
 3.16227766e+06  3.70849478e-02  3.16227766e+06  1.75443523e+02 
 3.98107171e+06  2.41413344e-02  3.98107171e+06  1.68818179e+02 
 5.01187234e+06  1.58426745e-02  5.01187234e+06  1.61893423e+02 
 6.30957344e+06  1.05365019e-02  6.30957344e+06  1.54578499e+02 
 7.94328235e+06  7.13850422e-03  7.94328235e+06  1.46889774e+02 
 1.00000000e+07  4.94733893e-03  1.00000000e+07  1.38969751e+02 
 1.25892541e+07  3.51471331e-03  1.25892541e+07  1.31064752e+02 
 1.58489319e+07  2.55768984e-03  1.58489319e+07  1.23459182e+02 
 1.99526231e+07  1.90028879e-03  1.99526231e+07  1.16397764e+02 
 2.51188643e+07  1.43461417e-03  2.51188643e+07  1.10038114e+02 
 3.16227766e+07  1.09512186e-03  3.16227766e+07  1.04448615e+02 
 3.98107171e+07  8.41931569e-04  3.98107171e+07  9.96311520e+01 
 5.01187234e+07  6.50293247e-04  5.01187234e+07  9.55382344e+01 
 6.30957344e+07  5.04116987e-04  6.30957344e+07  9.20720797e+01 
 7.94328235e+07  3.92192405e-04  7.94328235e+07  8.90791809e+01 
 1.00000000e+08  3.06203545e-04  1.00000000e+08  8.63604364e+01 
 1.25892541e+08  2.39813161e-04  1.25892541e+08  8.36973289e+01 
 1.58489319e+08  1.88217197e-04  1.58489319e+08  8.08768164e+01 
 1.99526231e+08  1.47827502e-04  1.99526231e+08  7.77026465e+01 
 2.51188643e+08  1.15986698e-04  2.51188643e+08  7.39956599e+01 
 3.16227766e+08  9.07258620e-05  3.16227766e+08  6.95928959e+01 
 3.98107171e+08  7.05813092e-05  3.98107171e+08  6.43542703e+01 
 5.01187234e+08  5.44671661e-05  5.01187234e+08  5.81815355e+01 
 6.30957344e+08  4.15872010e-05  6.30957344e+08  5.10483666e+01 
 7.94328235e+08  3.13646169e-05  7.94328235e+08  4.30321317e+01 
 1.00000000e+09  2.33727324e-05  1.00000000e+09  3.43318717e+01 
 1.25892541e+09  1.72653836e-05  1.25892541e+09  2.52631393e+01 
 1.58489319e+09  1.27240490e-05  1.58489319e+09  1.62364616e+01 
 1.99526231e+09  9.43814345e-06  1.99526231e+09  7.72899464e+00 
 2.51188643e+09  7.11473504e-06  2.51188643e+09  2.40187493e-01 
 3.16227766e+09  5.49859149e-06  3.16227766e+09 -5.78593579e+00 
 3.98107171e+09  4.38572856e-06  3.98107171e+09 -1.00632088e+01 
 5.01187234e+09  3.62453815e-06  5.01187234e+09 -1.25462943e+01 
 6.30957344e+09  3.10750099e-06  6.30957344e+09 -1.34449730e+01 
 7.94328235e+09  2.75967308e-06  7.94328235e+09 -1.31541917e+01 
 1.00000000e+10  2.52863148e-06  1.00000000e+10 -1.21323801e+01 
