 1.00000000e+00  1.19531772e+02  1.00000000e+00 -3.00990509e-02 
 1.25892541e+00  1.19531762e+02  1.25892541e+00 -3.78924580e-02 
 1.58489319e+00  1.19531747e+02  1.58489319e+00 -4.77037743e-02 
 1.99526231e+00  1.19531723e+02  1.99526231e+00 -6.00554856e-02 
 2.51188643e+00  1.19531684e+02  2.51188643e+00 -7.56053608e-02 
 3.16227766e+00  1.19531624e+02  3.16227766e+00 -9.51814777e-02 
 3.98107171e+00  1.19531527e+02  3.98107171e+00 -1.19826317e-01 
 5.01187234e+00  1.19531375e+02  5.01187234e+00 -1.50852267e-01 
 6.30957344e+00  1.19531133e+02  6.30957344e+00 -1.89911496e-01 
 7.94328235e+00  1.19530749e+02  7.94328235e+00 -2.39083897e-01 
 1.00000000e+01  1.19530141e+02  1.00000000e+01 -3.00987774e-01 
 1.25892541e+01  1.19529178e+02  1.25892541e+01 -3.78919122e-01 
 1.58489319e+01  1.19527651e+02  1.58489319e+01 -4.77026853e-01 
 1.99526231e+01  1.19525232e+02  1.99526231e+01 -6.00533128e-01 
 2.51188643e+01  1.19521397e+02  2.51188643e+01 -7.56010255e-01 
 3.16227766e+01  1.19515320e+02  3.16227766e+01 -9.51728283e-01 
 3.98107171e+01  1.19505691e+02  3.98107171e+01 -1.19809061e+00 
 5.01187234e+01  1.19490435e+02  5.01187234e+01 -1.50817842e+00 
 6.30957344e+01  1.19466268e+02  6.30957344e+01 -1.89842825e+00 
 7.94328235e+01  1.19427995e+02  7.94328235e+01 -2.38946935e+00 
 1.00000000e+02  1.19367413e+02  1.00000000e+02 -3.00714666e+00 
 1.25892541e+02  1.19271584e+02  1.25892541e+02 -3.78374732e+00 
 1.58489319e+02  1.19120178e+02  1.58489319e+02 -4.75942324e+00 
 1.99526231e+02  1.18881392e+02  1.99526231e+02 -5.98374473e+00 
 2.51188643e+02  1.18505865e+02  2.51188643e+02 -7.51719699e+00 
 3.16227766e+02  1.17917917e+02  3.16227766e+02 -9.43219150e+00 
 3.98107171e+02  1.17003748e+02  3.98107171e+02 -1.18127303e+01 
 5.01187234e+02  1.15597458e+02  5.01187234e+02 -1.47511585e+01 
 6.30957344e+02  1.13468928e+02  6.30957344e+02 -1.83395112e+01 
 7.94328235e+02  1.10323809e+02  7.94328235e+02 -2.26522892e+01 
 1.00000000e+03  1.05834186e+02  1.00000000e+03 -2.77185254e+01 
 1.25892541e+03  9.97207441e+01  1.25892541e+03 -3.34862761e+01 
 1.58489319e+03  9.18856023e+01  1.58489319e+03 -3.97933871e+01 
 1.99526231e+03  8.25400510e+01  1.99526231e+03 -4.63681330e+01 
 2.51188643e+03  7.22259484e+01  2.51188643e+03 -5.28762171e+01 
 3.16227766e+03  6.16765204e+01  3.16227766e+03 -5.90002164e+01 
 3.98107171e+03  5.15914362e+01  3.98107171e+03 -6.45099713e+01 
 5.01187234e+03  4.24662619e+01  5.01187234e+03 -6.92905162e+01 
 6.30957344e+03  3.45463048e+01  6.30957344e+03 -7.33277549e+01 
 7.94328235e+03  2.78740603e+01  7.94328235e+03 -7.66742875e+01 
 1.00000000e+04  2.23666863e+01  1.00000000e+04 -7.94160396e+01 
 1.25892541e+04  1.78823547e+01  1.25892541e+04 -8.16487857e+01 
 1.58489319e+04  1.42634293e+01  1.58489319e+04 -8.34648703e+01 
 1.99526231e+04  1.13596575e+01  1.99526231e+04 -8.49472271e+01 
 2.51188643e+04  9.03827959e+00  2.51188643e+04 -8.61677425e+01 
 3.16227766e+04  7.18683030e+00  3.16227766e+04 -8.71878234e+01 
 3.98107171e+04  5.71236693e+00  3.98107171e+04 -8.80599758e+01 
 5.01187234e+04  4.53922237e+00  5.01187234e+04 -8.88297231e+01 
 6.30957344e+04  3.60635883e+00  6.30957344e+04 -8.95375825e+01 
 7.94328235e+04  2.86481989e+00  7.94328235e+04 -9.02209919e+01 
 1.00000000e+05  2.27547843e+00  1.00000000e+05 -9.09161701e+01 
 1.25892541e+05  1.80713189e+00  1.25892541e+05 -9.16599652e+01 
 1.58489319e+05  1.43493061e+00  1.58489319e+05 -9.24917288e+01 
 1.99526231e+05  1.13909985e+00  1.99526231e+05 -9.34552839e+01 
 2.51188643e+05  9.03909667e-01  2.51188643e+05 -9.46010282e+01 
 3.16227766e+05  7.16849177e-01  3.16227766e+05 -9.59881715e+01 
 3.98107171e+05  5.67967135e-01  3.98107171e+05 -9.76870195e+01 
 5.01187234e+05  4.49347016e-01  5.01187234e+05 -9.97810290e+01 
 6.30957344e+05  3.54690922e-01  6.30957344e+05 -1.02368022e+02 
 7.94328235e+05  2.78992299e-01  7.94328235e+05 -1.05559362e+02 
 1.00000000e+06  2.18282316e-01  1.00000000e+06 -1.09475027e+02 
 1.25892541e+06  1.69438367e-01  1.25892541e+06 -1.14231654e+02 
 1.58489319e+06  1.30043516e-01  1.58489319e+06 -1.19920612e+02 
 1.99526231e+06  9.82802920e-02  1.99526231e+06 -1.26576358e+02 
 2.51188643e+06  7.28309204e-02  2.51188643e+06 -1.34143787e+02 
 3.16227766e+06  5.27506103e-02  3.16227766e+06 -1.42464838e+02 
 3.98107171e+06  3.73041783e-02  3.98107171e+06 -1.51306222e+02 
 5.01187234e+06  2.58093023e-02  5.01187234e+06 -1.60427815e+02 
 6.30957344e+06  1.75558608e-02  6.30957344e+06 -1.69656621e+02 
 7.94328235e+06  1.18231174e-02  7.94328235e+06 -1.78921686e+02 
 1.00000000e+07  7.94681879e-03  1.00000000e+07  1.71767476e+02 
 1.25892541e+07  5.37480578e-03  1.25892541e+07  1.62382610e+02 
 1.58489319e+07  3.68559597e-03  1.58489319e+07  1.52946287e+02 
 1.99526231e+07  2.57737681e-03  1.99526231e+07  1.43574952e+02 
 2.51188643e+07  1.84400815e-03  2.51188643e+07  1.34469715e+02 
 3.16227766e+07  1.34977833e-03  3.16227766e+07  1.25856078e+02 
 3.98107171e+07  1.00798377e-03  3.98107171e+07  1.17908895e+02 
 5.01187234e+07  7.64486492e-04  5.01187234e+07  1.10707720e+02 
 6.30957344e+07  5.85911558e-04  6.30957344e+07  1.04239838e+02 
 7.94328235e+07  4.51688931e-04  7.94328235e+07  9.84355031e+01 
 1.00000000e+08  3.48990665e-04  1.00000000e+08  9.32083014e+01 
 1.25892541e+08  2.69631143e-04  1.25892541e+08  8.84776889e+01 
 1.58489319e+08  2.08170317e-04  1.58489319e+08  8.41602211e+01 
 1.99526231e+08  1.60729354e-04  1.99526231e+08  8.01334971e+01 
 2.51188643e+08  1.24288837e-04  2.51188643e+08  7.62004151e+01 
 3.16227766e+08  9.63618318e-05  3.16227766e+08  7.20858603e+01 
 3.98107171e+08  7.49055451e-05  3.98107171e+08  6.74691751e+01 
 5.01187234e+08  5.83081762e-05  5.01187234e+08  6.20272837e+01 
 6.30957344e+08  4.53537419e-05  6.30957344e+08  5.54688894e+01 
 7.94328235e+08  3.51551683e-05  7.94328235e+08  4.75636172e+01 
 1.00000000e+09  2.70806460e-05  1.00000000e+09  3.81801496e+01 
 1.25892541e+09  2.06887652e-05  1.25892541e+09  2.73360855e+01 
 1.58489319e+09  1.56708529e-05  1.58489319e+09  1.52398852e+01 
 1.99526231e+09  1.17959252e-05  1.99526231e+09  2.29214311e+00 
 2.51188643e+09  8.86508126e-06  2.51188643e+09 -1.09727210e+01 
 3.16227766e+09  6.68896635e-06  3.16227766e+09 -2.39908450e+01 
 3.98107171e+09  5.09014359e-06  3.98107171e+09 -3.62821911e+01 
 5.01187234e+09  3.91611137e-06  5.01187234e+09 -4.75324156e+01 
 6.30957344e+09  3.04779185e-06  6.30957344e+09 -5.76178307e+01 
 7.94328235e+09  2.39889898e-06  7.94328235e+09 -6.65750285e+01 
 1.00000000e+10  1.90963023e-06  1.00000000e+10 -7.45384067e+01 
