 1.00000000e+00  2.94169121e-02  1.00000000e+00  1.79999698e+02 
 1.25892541e+00  2.94169121e-02  1.25892541e+00  1.79999620e+02 
 1.58489319e+00  2.94169121e-02  1.58489319e+00  1.79999522e+02 
 1.99526231e+00  2.94169121e-02  1.99526231e+00  1.79999398e+02 
 2.51188643e+00  2.94169121e-02  2.51188643e+00  1.79999242e+02 
 3.16227766e+00  2.94169121e-02  3.16227766e+00  1.79999046e+02 
 3.98107171e+00  2.94169121e-02  3.98107171e+00  1.79998799e+02 
 5.01187234e+00  2.94169121e-02  5.01187234e+00  1.79998487e+02 
 6.30957344e+00  2.94169122e-02  6.30957344e+00  1.79998096e+02 
 7.94328235e+00  2.94169122e-02  7.94328235e+00  1.79997603e+02 
 1.00000000e+01  2.94169122e-02  1.00000000e+01  1.79996982e+02 
 1.25892541e+01  2.94169122e-02  1.25892541e+01  1.79996201e+02 
 1.58489319e+01  2.94169122e-02  1.58489319e+01  1.79995217e+02 
 1.99526231e+01  2.94169122e-02  1.99526231e+01  1.79993978e+02 
 2.51188643e+01  2.94169123e-02  2.51188643e+01  1.79992419e+02 
 3.16227766e+01  2.94169124e-02  3.16227766e+01  1.79990456e+02 
 3.98107171e+01  2.94169125e-02  3.98107171e+01  1.79987985e+02 
 5.01187234e+01  2.94169127e-02  5.01187234e+01  1.79984874e+02 
 6.30957344e+01  2.94169131e-02  6.30957344e+01  1.79980958e+02 
 7.94328235e+01  2.94169137e-02  7.94328235e+01  1.79976027e+02 
 1.00000000e+02  2.94169145e-02  1.00000000e+02  1.79969820e+02 
 1.25892541e+02  2.94169159e-02  1.25892541e+02  1.79962006e+02 
 1.58489319e+02  2.94169182e-02  1.58489319e+02  1.79952168e+02 
 1.99526231e+02  2.94169217e-02  1.99526231e+02  1.79939783e+02 
 2.51188643e+02  2.94169272e-02  2.51188643e+02  1.79924191e+02 
 3.16227766e+02  2.94169361e-02  3.16227766e+02  1.79904563e+02 
 3.98107171e+02  2.94169501e-02  3.98107171e+02  1.79879851e+02 
 5.01187234e+02  2.94169723e-02  5.01187234e+02  1.79848742e+02 
 6.30957344e+02  2.94170072e-02  6.30957344e+02  1.79809577e+02 
 7.94328235e+02  2.94170629e-02  7.94328235e+02  1.79760272e+02 
 1.00000000e+03  2.94171510e-02  1.00000000e+03  1.79698201e+02 
 1.25892541e+03  2.94172908e-02  1.25892541e+03  1.79620058e+02 
 1.58489319e+03  2.94175122e-02  1.58489319e+03  1.79521683e+02 
 1.99526231e+03  2.94178631e-02  1.99526231e+03  1.79397837e+02 
 2.51188643e+03  2.94184194e-02  2.51188643e+03  1.79241926e+02 
 3.16227766e+03  2.94193008e-02  3.16227766e+03  1.79045651e+02 
 3.98107171e+03  2.94206980e-02  3.98107171e+03  1.78798565e+02 
 5.01187234e+03  2.94229121e-02  5.01187234e+03  1.78487522e+02 
 6.30957344e+03  2.94264211e-02  6.30957344e+03  1.78095980e+02 
 7.94328235e+03  2.94319820e-02  7.94328235e+03  1.77603135e+02 
 1.00000000e+04  2.94407943e-02  1.00000000e+04  1.76982832e+02 
 1.25892541e+04  2.94547575e-02  1.25892541e+04  1.76202221e+02 
 1.58489319e+04  2.94768803e-02  1.58489319e+04  1.75220097e+02 
 1.99526231e+04  2.95119235e-02  1.99526231e+04  1.73984880e+02 
 2.51188643e+04  2.95674149e-02  2.51188643e+04  1.72432228e+02 
 3.16227766e+04  2.96552424e-02  3.16227766e+04  1.70482287e+02 
 3.98107171e+04  2.97941396e-02  3.98107171e+04  1.68036777e+02 
 5.01187234e+04  3.00135322e-02  5.01187234e+04  1.64976274e+02 
 6.30957344e+04  3.03594098e-02  6.30957344e+04  1.61158493e+02 
 7.94328235e+04  3.09031041e-02  7.94328235e+04  1.56418830e+02 
 1.00000000e+05  3.17540039e-02  1.00000000e+05  1.50574645e+02 
 1.25892541e+05  3.30770801e-02  1.25892541e+05  1.43433391e+02 
 1.58489319e+05  3.51150871e-02  1.58489319e+05  1.34799053e+02 
 1.99526231e+05  3.82114448e-02  1.99526231e+05  1.24457945e+02 
 2.51188643e+05  4.28139454e-02  2.51188643e+05  1.12105769e+02 
 3.16227766e+05  4.93698434e-02  3.16227766e+05  9.71771688e+01 
 3.98107171e+05  5.77637413e-02  3.98107171e+05  7.86580007e+01 
 5.01187234e+05  6.55492788e-02  5.01187234e+05  5.55262693e+01 
 6.30957344e+05  6.67019611e-02  6.30957344e+05  2.92110164e+01 
 7.94328235e+05  5.87275195e-02  7.94328235e+05  5.23825159e+00 
 1.00000000e+06  4.73987671e-02  1.00000000e+06 -1.21733312e+01 
 1.25892541e+06  3.74830689e-02  1.25892541e+06 -2.31406858e+01 
 1.58489319e+06  2.99688652e-02  1.58489319e+06 -2.92399247e+01 
 1.99526231e+06  2.44973148e-02  1.99526231e+06 -3.18076991e+01 
 2.51188643e+06  2.05660371e-02  2.51188643e+06 -3.18108806e+01 
 3.16227766e+06  1.77737717e-02  3.16227766e+06 -3.00183441e+01 
 3.98107171e+06  1.58209172e-02  3.98107171e+06 -2.71048754e+01 
 5.01187234e+06  1.44800108e-02  5.01187234e+06 -2.36588749e+01 
 6.30957344e+06  1.35758119e-02  6.30957344e+06 -2.01435726e+01 
 7.94328235e+06  1.29747147e-02  7.94328235e+06 -1.68692146e+01 
 1.00000000e+07  1.25777121e-02  1.00000000e+07 -1.40019761e+01 
 1.25892541e+07  1.23137137e-02  1.25892541e+07 -1.15994586e+01 
 1.58489319e+07  1.21328677e-02  1.58489319e+07 -9.65086151e+00 
 1.99526231e+07  1.20006663e-02  1.99526231e+07 -8.10777052e+00 
 2.51188643e+07  1.18935564e-02  2.51188643e+07 -6.90253674e+00 
 3.16227766e+07  1.17963605e-02  3.16227766e+07 -5.95794004e+00 
 3.98107171e+07  1.17012215e-02  3.98107171e+07 -5.19448854e+00 
 5.01187234e+07  1.16069838e-02  5.01187234e+07 -4.54064901e+00 
 6.30957344e+07  1.15175043e-02  6.30957344e+07 -3.94548419e+00 
 7.94328235e+07  1.14384068e-02  7.94328235e+07 -3.38611401e+00 
 1.00000000e+08  1.13737484e-02  1.00000000e+08 -2.86340940e+00 
 1.25892541e+08  1.13244879e-02  1.25892541e+08 -2.38923702e+00 
 1.58489319e+08  1.12889938e-02  1.58489319e+08 -1.97468676e+00 
 1.99526231e+08  1.12644020e-02  1.99526231e+08 -1.62470282e+00 
 2.51188643e+08  1.12477405e-02  2.51188643e+08 -1.33811497e+00 
 3.16227766e+08  1.12364951e-02  3.16227766e+08 -1.10985274e+00 
 3.98107171e+08  1.12287565e-02  3.98107171e+08 -9.33159601e-01 
 5.01187234e+08  1.12231709e-02  5.01187234e+08 -8.01084929e-01 
 6.30957344e+08  1.12188432e-02  6.30957344e+08 -7.07332935e-01 
 7.94328235e+08  1.12152501e-02  7.94328235e+08 -6.46786928e-01 
 1.00000000e+09  1.12121543e-02  1.00000000e+09 -6.15947004e-01 
 1.25892541e+09  1.12094960e-02  1.25892541e+09 -6.13277376e-01 
 1.58489319e+09  1.12072660e-02  1.58489319e+09 -6.39299150e-01 
 1.99526231e+09  1.12054100e-02  1.99526231e+09 -6.96406054e-01 
 2.51188643e+09  1.12037948e-02  2.51188643e+09 -7.88639320e-01 
 3.16227766e+09  1.12022143e-02  3.16227766e+09 -9.21671921e-01 
 3.98107171e+09  1.12003949e-02  3.98107171e+09 -1.10305794e+00 
 5.01187234e+09  1.11979741e-02  5.01187234e+09 -1.34267240e+00 
 6.30957344e+09  1.11944438e-02  6.30957344e+09 -1.65327116e+00 
 7.94328235e+09  1.11890531e-02  7.94328235e+09 -2.05114457e+00 
 1.00000000e+10  1.11806563e-02  1.00000000e+10 -2.55685581e+00 
