 1.00000000e+00 -6.20524494e+00 
 1.01000000e+00 -6.03513307e+00 
 1.02000000e+00 -5.85808363e+00 
 1.03000000e+00 -5.67060297e+00 
 1.04000000e+00 -5.46824337e+00 
 1.05000000e+00 -5.24447198e+00 
 1.06000000e+00 -4.98933584e+00 
 1.07000000e+00 -4.68744316e+00 
 1.08000000e+00 -4.31645513e+00 
 1.09000000e+00 -3.85403085e+00 
 1.10000000e+00 -3.30832803e+00 
 1.11000000e+00 -2.73180458e+00 
 1.12000000e+00 -2.16674580e+00 
 1.13000000e+00 -1.62931846e+00 
 1.14000000e+00 -1.12737789e+00 
 1.15000000e+00 -6.68230711e-01 
 1.16000000e+00 -2.59858026e-01 
 1.17000000e+00  9.08697092e-02 
 1.18000000e+00  3.79414439e-01 
 1.19000000e+00  6.06055601e-01 
 1.20000000e+00  7.76195695e-01 
 1.21000000e+00  8.97598576e-01 
 1.22000000e+00  9.76091065e-01 
 1.23000000e+00  1.02328898e+00 
 1.24000000e+00  1.05691883e+00 
 1.25000000e+00  1.08235359e+00 
 1.26000000e+00  1.10441494e+00 
 1.27000000e+00  1.12432170e+00 
 1.28000000e+00  1.14261484e+00 
 1.29000000e+00  1.15971391e+00 
 1.30000000e+00  1.17588273e+00 
 1.31000000e+00  1.19122146e+00 
 1.32000000e+00  1.20574692e+00 
 1.33000000e+00  1.21959759e+00 
 1.34000000e+00  1.23297032e+00 
 1.35000000e+00  1.24599462e+00 
 1.36000000e+00  1.25873807e+00 
 1.37000000e+00  1.27125299e+00 
 1.38000000e+00  1.28357280e+00 
 1.39000000e+00  1.29572290e+00 
 1.40000000e+00  1.30772370e+00 
 1.41000000e+00  1.31959194e+00 
 1.42000000e+00  1.33134167e+00 
 1.43000000e+00  1.34298491e+00 
 1.44000000e+00  1.35453213e+00 
 1.45000000e+00  1.36599261e+00 
 1.46000000e+00  1.37737477e+00 
 1.47000000e+00  1.38868642e+00 
 1.48000000e+00  1.39993500e+00 
 1.49000000e+00  1.41112781e+00 
 1.50000000e+00  1.42227214e+00 
 1.51000000e+00  1.43337552e+00 
 1.52000000e+00  1.44444570e+00 
 1.53000000e+00  1.45549060e+00 
 1.54000000e+00  1.46651803e+00 
 1.55000000e+00  1.47753503e+00 
 1.56000000e+00  1.48854709e+00 
 1.57000000e+00  1.49955716e+00 
 1.58000000e+00  1.51056513e+00 
 1.59000000e+00  1.52156787e+00 
 1.60000000e+00  1.53255995e+00 
 1.61000000e+00  1.54353476e+00 
 1.62000000e+00  1.55448564e+00 
 1.63000000e+00  1.56540660e+00 
 1.64000000e+00  1.57629269e+00 
 1.65000000e+00  1.58714007e+00 
 1.66000000e+00  1.59794589e+00 
 1.67000000e+00  1.60870808e+00 
 1.68000000e+00  1.61942509e+00 
 1.69000000e+00  1.63009569e+00 
 1.70000000e+00  1.64071876e+00 
 1.71000000e+00  1.65129297e+00 
 1.72000000e+00  1.66181663e+00 
 1.73000000e+00  1.67228729e+00 
 1.74000000e+00  1.68270142e+00 
 1.75000000e+00  1.69305381e+00 
 1.76000000e+00  1.70333679e+00 
 1.77000000e+00  1.71353894e+00 
 1.78000000e+00  1.72364303e+00 
 1.79000000e+00  1.73362245e+00 
 1.80000000e+00  1.74343486e+00 
 1.81000000e+00  1.75301055e+00 
 1.82000000e+00  1.76223083e+00 
 1.83000000e+00  1.77089131e+00 
 1.84000000e+00  1.77865952e+00 
 1.85000000e+00  1.78511134e+00 
 1.86000000e+00  1.79000005e+00 
 1.87000000e+00  1.79350719e+00 
 1.88000000e+00  1.79600401e+00 
 1.89000000e+00  1.79780129e+00 
 1.90000000e+00  1.79911766e+00 
 1.91000000e+00  1.80009753e+00 
 1.92000000e+00  1.80083600e+00 
 1.93000000e+00  1.80139716e+00 
 1.94000000e+00  1.80182549e+00 
 1.95000000e+00  1.80215267e+00 
 1.96000000e+00  1.80240181e+00 
 1.97000000e+00  1.80259018e+00 
 1.98000000e+00  1.80273093e+00 
 1.99000000e+00  1.80283428e+00 
 2.00000000e+00  1.80290837e+00 
 2.01000000e+00  1.80295974e+00 
 2.02000000e+00  1.80299370e+00 
 2.03000000e+00  1.80301457e+00 
 2.04000000e+00  1.80302584e+00 
 2.05000000e+00  1.80303026e+00 
 2.06000000e+00  1.80302995e+00 
 2.07000000e+00  1.80302652e+00 
 2.08000000e+00  1.80302118e+00 
 2.09000000e+00  1.80301479e+00 
 2.10000000e+00  1.80300799e+00 
 2.11000000e+00  1.80300126e+00 
 2.12000000e+00  1.80299493e+00 
 2.13000000e+00  1.80298925e+00 
 2.14000000e+00  1.80298442e+00 
 2.15000000e+00  1.80298058e+00 
 2.16000000e+00  1.80297784e+00 
 2.17000000e+00  1.80297631e+00 
 2.18000000e+00  1.80297605e+00 
 2.19000000e+00  1.80297714e+00 
 2.20000000e+00  1.80297964e+00 
 2.21000000e+00  1.80298362e+00 
 2.22000000e+00  1.80298914e+00 
 2.23000000e+00  1.80299626e+00 
 2.24000000e+00  1.80300506e+00 
 2.25000000e+00  1.80301561e+00 
 2.26000000e+00  1.80302800e+00 
 2.27000000e+00  1.80304231e+00 
 2.28000000e+00  1.80305865e+00 
 2.29000000e+00  1.80307714e+00 
 2.30000000e+00  1.80309790e+00 
 2.31000000e+00  1.80312108e+00 
 2.32000000e+00  1.80314686e+00 
 2.33000000e+00  1.80317541e+00 
 2.34000000e+00  1.80320697e+00 
 2.35000000e+00  1.80324177e+00 
 2.36000000e+00  1.80328009e+00 
 2.37000000e+00  1.80332225e+00 
 2.38000000e+00  1.80336858e+00 
 2.39000000e+00  1.80341948e+00 
 2.40000000e+00  1.80347536e+00 
 2.41000000e+00  1.80353668e+00 
 2.42000000e+00  1.80360390e+00 
 2.43000000e+00  1.80367751e+00 
 2.44000000e+00  1.80375799e+00 
 2.45000000e+00  1.80384580e+00 
 2.46000000e+00  1.80394136e+00 
 2.47000000e+00  1.80404502e+00 
 2.48000000e+00  1.80415704e+00 
 2.49000000e+00  1.80427759e+00 
 2.50000000e+00  1.80440672e+00 
 2.51000000e+00  1.80454435e+00 
 2.52000000e+00  1.80469027e+00 
 2.53000000e+00  1.80484415e+00 
 2.54000000e+00  1.80500554e+00 
 2.55000000e+00  1.80517387e+00 
 2.56000000e+00  1.80534851e+00 
 2.57000000e+00  1.80552873e+00 
 2.58000000e+00  1.80571375e+00 
 2.59000000e+00  1.80590278e+00 
 2.60000000e+00  1.80609503e+00 
 2.61000000e+00  1.80628970e+00 
 2.62000000e+00  1.80648603e+00 
 2.63000000e+00  1.80668333e+00 
 2.64000000e+00  1.80688095e+00 
 2.65000000e+00  1.80707831e+00 
 2.66000000e+00  1.80727488e+00 
 2.67000000e+00  1.80747022e+00 
 2.68000000e+00  1.80766394e+00 
 2.69000000e+00  1.80785572e+00 
 2.70000000e+00  1.80804526e+00 
 2.71000000e+00  1.80823234e+00 
 2.72000000e+00  1.80841677e+00 
 2.73000000e+00  1.80859840e+00 
 2.74000000e+00  1.80877711e+00 
 2.75000000e+00  1.80895279e+00 
 2.76000000e+00  1.80912538e+00 
 2.77000000e+00  1.80929483e+00 
 2.78000000e+00  1.80946110e+00 
 2.79000000e+00  1.80962417e+00 
 2.80000000e+00  1.80978403e+00 
 2.81000000e+00  1.80994068e+00 
 2.82000000e+00  1.81009415e+00 
 2.83000000e+00  1.81024445e+00 
 2.84000000e+00  1.81039160e+00 
 2.85000000e+00  1.81053566e+00 
 2.86000000e+00  1.81067664e+00 
 2.87000000e+00  1.81081460e+00 
 2.88000000e+00  1.81094958e+00 
 2.89000000e+00  1.81108163e+00 
 2.90000000e+00  1.81121082e+00 
 2.91000000e+00  1.81133718e+00 
 2.92000000e+00  1.81146078e+00 
 2.93000000e+00  1.81158168e+00 
 2.94000000e+00  1.81169994e+00 
 2.95000000e+00  1.81181561e+00 
 2.96000000e+00  1.81192876e+00 
 2.97000000e+00  1.81203945e+00 
 2.98000000e+00  1.81214773e+00 
 2.99000000e+00  1.81225368e+00 
 3.00000000e+00  1.81235734e+00 
