 1.00000000e+00  2.50826968e-02  1.00000000e+00  1.84452994e-04 
 1.25892541e+00  2.50826968e-02  1.25892541e+00  2.32212561e-04 
 1.58489319e+00  2.50826968e-02  1.58489319e+00  2.92338294e-04 
 1.99526231e+00  2.50826968e-02  1.99526231e+00  3.68032108e-04 
 2.51188643e+00  2.50826968e-02  2.51188643e+00  4.63324973e-04 
 3.16227766e+00  2.50826968e-02  3.16227766e+00  5.83291582e-04 
 3.98107171e+00  2.50826968e-02  3.98107171e+00  7.34320595e-04 
 5.01187234e+00  2.50826968e-02  5.01187234e+00  9.24454857e-04 
 6.30957344e+00  2.50826968e-02  6.30957344e+00  1.16381971e-03 
 7.94328235e+00  2.50826968e-02  7.94328235e+00  1.46516221e-03 
 1.00000000e+01  2.50826968e-02  1.00000000e+01  1.84452994e-03 
 1.25892541e+01  2.50826968e-02  1.25892541e+01  2.32212561e-03 
 1.58489319e+01  2.50826968e-02  1.58489319e+01  2.92338294e-03 
 1.99526231e+01  2.50826969e-02  1.99526231e+01  3.68032107e-03 
 2.51188643e+01  2.50826969e-02  2.51188643e+01  4.63324972e-03 
 3.16227766e+01  2.50826969e-02  3.16227766e+01  5.83291580e-03 
 3.98107171e+01  2.50826970e-02  3.98107171e+01  7.34320591e-03 
 5.01187234e+01  2.50826972e-02  5.01187234e+01  9.24454849e-03 
 6.30957344e+01  2.50826974e-02  6.30957344e+01  1.16381969e-02 
 7.94328235e+01  2.50826977e-02  7.94328235e+01  1.46516218e-02 
 1.00000000e+02  2.50826982e-02  1.00000000e+02  1.84452987e-02 
 1.25892541e+02  2.50826990e-02  1.25892541e+02  2.32212548e-02 
 1.58489319e+02  2.50827003e-02  1.58489319e+02  2.92338267e-02 
 1.99526231e+02  2.50827023e-02  1.99526231e+02  3.68032053e-02 
 2.51188643e+02  2.50827055e-02  2.51188643e+02  4.63324864e-02 
 3.16227766e+02  2.50827105e-02  3.16227766e+02  5.83291364e-02 
 3.98107171e+02  2.50827185e-02  3.98107171e+02  7.34320161e-02 
 5.01187234e+02  2.50827312e-02  5.01187234e+02  9.24453991e-02 
 6.30957344e+02  2.50827515e-02  6.30957344e+02  1.16381797e-01 
 7.94328235e+02  2.50827834e-02  7.94328235e+02  1.46515875e-01 
 1.00000000e+03  2.50828342e-02  1.00000000e+03  1.84452302e-01 
 1.25892541e+03  2.50829144e-02  1.25892541e+03  2.32211182e-01 
 1.58489319e+03  2.50830418e-02  1.58489319e+03  2.92335541e-01 
 1.99526231e+03  2.50832436e-02  1.99526231e+03  3.68026613e-01 
 2.51188643e+03  2.50835632e-02  2.51188643e+03  4.63314013e-01 
 3.16227766e+03  2.50840702e-02  3.16227766e+03  5.83269710e-01 
 3.98107171e+03  2.50848733e-02  3.98107171e+03  7.34276960e-01 
 5.01187234e+03  2.50861464e-02  5.01187234e+03  9.24367792e-01 
 6.30957344e+03  2.50881638e-02  6.30957344e+03  1.16364601e+00 
 7.94328235e+03  2.50913608e-02  7.94328235e+03  1.46481569e+00 
 1.00000000e+04  2.50964269e-02  1.00000000e+04  1.84383871e+00 
 1.25892541e+04  2.51044542e-02  1.25892541e+04  2.32074696e+00 
 1.58489319e+04  2.51171712e-02  1.58489319e+04  2.92063383e+00 
 1.99526231e+04  2.51373133e-02  1.99526231e+04  3.67484113e+00 
 2.51188643e+04  2.51692031e-02  2.51188643e+04  4.62233247e+00 
 3.16227766e+04  2.52196629e-02  3.16227766e+04  5.81118536e+00 
 3.98107171e+04  2.52994301e-02  3.98107171e+04  7.30001234e+00 
 5.01187234e+04  2.54253410e-02  5.01187234e+04  9.15887964e+00 
 6.30957344e+04  2.56236310e-02  6.30957344e+04  1.14688600e+01 
 7.94328235e+04  2.59348003e-02  7.94328235e+04  1.43186516e+01 
 1.00000000e+05  2.64204774e-02  1.00000000e+05  1.77957686e+01 
 1.25892541e+05  2.71724817e-02  1.25892541e+05  2.19691215e+01 
 1.58489319e+05  2.83235390e-02  1.58489319e+05  2.68608324e+01 
 1.99526231e+05  3.00578745e-02  1.99526231e+05  3.24103499e+01 
 2.51188643e+05  3.26187006e-02  2.51188643e+05  3.84446353e+01 
 3.16227766e+05  3.63102333e-02  3.16227766e+05  4.46779632e+01 
 3.98107171e+05  4.14957267e-02  3.98107171e+05  5.07578894e+01 
 5.01187234e+05  4.85982911e-02  5.01187234e+05  5.63435857e+01 
 6.30957344e+05  5.81128555e-02  6.30957344e+05  6.11750315e+01 
 7.94328235e+05  7.06336979e-02  7.94328235e+05  6.50993803e+01 
 1.00000000e+06  8.68973631e-02  1.00000000e+06  6.80543222e+01 
 1.25892541e+06  1.07840701e-01  1.25892541e+06  7.00304041e+01 
 1.58489319e+06  1.34678399e-01  1.58489319e+06  7.10323684e+01 
 1.99526231e+06  1.69011668e-01  1.99526231e+06  7.10473125e+01 
 2.51188643e+06  2.12988701e-01  2.51188643e+06  7.00175856e+01 
 3.16227766e+06  2.69545504e-01  3.16227766e+06  6.78107385e+01 
 3.98107171e+06  3.42742201e-01  3.98107171e+06  6.41743058e+01 
 5.01187234e+06  4.38068950e-01  5.01187234e+06  5.86568012e+01 
 6.30957344e+06  5.61855726e-01  6.30957344e+06  5.04733025e+01 
 7.94328235e+06  7.15859885e-01  7.94328235e+06  3.83496696e+01 
 1.00000000e+07  8.75602293e-01  1.00000000e+07  2.07609601e+01 
 1.25892541e+07  9.56936331e-01  1.25892541e+07 -2.08229162e+00 
 1.58489319e+07  8.84527851e-01  1.58489319e+07 -2.55041773e+01 
 1.99526231e+07  7.21024113e-01  1.99526231e+07 -4.42960190e+01 
 2.51188643e+07  5.57919893e-01  2.51188643e+07 -5.76534788e+01 
 3.16227766e+07  4.25795330e-01  3.16227766e+07 -6.69429644e+01 
 3.98107171e+07  3.24429218e-01  3.98107171e+07 -7.33897044e+01 
 5.01187234e+07  2.47644623e-01  5.01187234e+07 -7.77272267e+01 
 6.30957344e+07  1.89736836e-01  6.30957344e+07 -8.03902410e+01 
 7.94328235e+07  1.46177925e-01  7.94328235e+07 -8.16905922e+01 
 1.00000000e+08  1.13400489e-01  1.00000000e+08 -8.18900328e+01 
 1.25892541e+08  8.86318682e-02  1.25892541e+08 -8.11995256e+01 
 1.58489319e+08  6.97882682e-02  1.58489319e+08 -7.97594921e+01 
 1.99526231e+08  5.53538147e-02  1.99526231e+08 -7.76347584e+01 
 2.51188643e+08  4.42442111e-02  2.51188643e+08 -7.48285192e+01 
 3.16227766e+08  3.56829574e-02  3.16227766e+08 -7.13079452e+01 
 3.98107171e+08  2.91055930e-02  3.98107171e+08 -6.70365614e+01 
 5.01187234e+08  2.40917488e-02  5.01187234e+08 -6.20120392e+01 
 6.30957344e+08  2.03184597e-02  6.30957344e+08 -5.63053411e+01 
 7.94328235e+08  1.75285257e-02  7.94328235e+08 -5.00885385e+01 
 1.00000000e+09  1.55100375e-02  1.00000000e+09 -4.36322869e+01 
 1.25892541e+09  1.40847093e-02  1.25892541e+09 -3.72622342e+01 
 1.58489319e+09  1.31027409e-02  1.58489319e+09 -3.12880085e+01 
 1.99526231e+09  1.24413805e-02  1.99526231e+09 -2.59391616e+01 
 2.51188643e+09  1.20042232e-02  2.51188643e+09 -2.13373233e+01 
 3.16227766e+09  1.17191990e-02  3.16227766e+09 -1.75074314e+01 
 3.98107171e+09  1.15348470e-02  3.98107171e+09 -1.44097338e+01 
 5.01187234e+09  1.14157112e-02  5.01187234e+09 -1.19727944e+01 
 6.30957344e+09  1.13378897e-02  6.30957344e+09 -1.01176615e+01 
 7.94328235e+09  1.12853335e-02  7.94328235e+09 -8.77215114e+00 
 1.00000000e+10  1.12470156e-02  1.00000000e+10 -7.87788639e+00 
