 1.00000000e+00  3.73705853e+02  1.00000000e+00 -1.29829647e-03 
 1.25892541e+00  3.73705853e+02  1.25892541e+00 -1.63445842e-03 
 1.58489319e+00  3.73705853e+02  1.58489319e+00 -2.05766124e-03 
 1.99526231e+00  3.73705853e+02  1.99526231e+00 -2.59044202e-03 
 2.51188643e+00  3.73705852e+02  2.51188643e+00 -3.26117329e-03 
 3.16227766e+00  3.73705852e+02  3.16227766e+00 -4.10557392e-03 
 3.98107171e+00  3.73705851e+02  3.98107171e+00 -5.16861134e-03 
 5.01187234e+00  3.73705851e+02  5.01187234e+00 -6.50689614e-03 
 6.30957344e+00  3.73705849e+02  6.30957344e+00 -8.19169689e-03 
 7.94328235e+00  3.73705847e+02  7.94328235e+00 -1.03127353e-02 
 1.00000000e+01  3.73705843e+02  1.00000000e+01 -1.29829645e-02 
 1.25892541e+01  3.73705838e+02  1.25892541e+01 -1.63445838e-02 
 1.58489319e+01  3.73705829e+02  1.58489319e+01 -2.05766115e-02 
 1.99526231e+01  3.73705815e+02  1.99526231e+01 -2.59044185e-02 
 2.51188643e+01  3.73705793e+02  2.51188643e+01 -3.26117294e-02 
 3.16227766e+01  3.73705757e+02  3.16227766e+01 -4.10557323e-02 
 3.98107171e+01  3.73705701e+02  3.98107171e+01 -5.16860995e-02 
 5.01187234e+01  3.73705613e+02  5.01187234e+01 -6.50689339e-02 
 6.30957344e+01  3.73705472e+02  6.30957344e+01 -8.19169139e-02 
 7.94328235e+01  3.73705249e+02  7.94328235e+01 -1.03127244e-01 
 1.00000000e+02  3.73704896e+02  1.00000000e+02 -1.29829426e-01 
 1.25892541e+02  3.73704337e+02  1.25892541e+02 -1.63445401e-01 
 1.58489319e+02  3.73703450e+02  1.58489319e+02 -2.05765243e-01 
 1.99526231e+02  3.73702045e+02  1.99526231e+02 -2.59042445e-01 
 2.51188643e+02  3.73699817e+02  2.51188643e+02 -3.26113823e-01 
 3.16227766e+02  3.73696287e+02  3.16227766e+02 -4.10550397e-01 
 3.98107171e+02  3.73690693e+02  3.98107171e+02 -5.16847177e-01 
 5.01187234e+02  3.73681826e+02  5.01187234e+02 -6.50661768e-01 
 6.30957344e+02  3.73667776e+02  6.30957344e+02 -8.19114130e-01 
 7.94328235e+02  3.73645510e+02  7.94328235e+02 -1.03116269e+00 
 1.00000000e+03  3.73610229e+02  1.00000000e+03 -1.29807531e+00 
 1.25892541e+03  3.73554334e+02  1.25892541e+03 -1.63401722e+00 
 1.58489319e+03  3.73465796e+02  1.58489319e+03 -2.05678117e+00 
 1.99526231e+03  3.73325603e+02  1.99526231e+03 -2.58868685e+00 
 2.51188643e+03  3.73103734e+02  2.51188643e+03 -3.25767375e+00 
 3.16227766e+03  3.72752905e+02  3.16227766e+03 -4.09859932e+00 
 3.98107171e+03  3.72198900e+02  3.98107171e+03 -5.15472002e+00 
 5.01187234e+03  3.71325897e+02  5.01187234e+03 -6.47925745e+00 
 6.30957344e+03  3.69954779e+02  6.30957344e+03 -8.13679540e+00 
 7.94328235e+03  3.67812477e+02  7.94328235e+03 -1.02039566e+01 
 1.00000000e+04  3.64492101e+02  1.00000000e+04 -1.27682878e+01 
 1.25892541e+04  3.59409045e+02  1.25892541e+04 -1.59234832e+01 
 1.58489319e+04  3.51771236e+02  1.58489319e+04 -1.97581455e+01 
 1.99526231e+04  3.40604422e+02  1.99526231e+04 -2.43349669e+01 
 2.51188643e+04  3.24897407e+02  2.51188643e+04 -2.96593979e+01 
 3.16227766e+04  3.03920677e+02  3.16227766e+04 -3.56441069e+01 
 3.98107171e+04  2.77666288e+02  3.98107171e+04 -4.20872290e+01 
 5.01187234e+04  2.47169012e+02  5.01187234e+04 -4.86882991e+01 
 6.30957344e+04  2.14400780e+02  6.30957344e+04 -5.51099116e+01 
 7.94328235e+04  1.81697156e+02  7.94328235e+04 -6.10592393e+01 
 1.00000000e+05  1.51067056e+02  1.00000000e+05 -6.63460541e+01 
 1.25892541e+05  1.23787418e+02  1.25892541e+05 -7.08944585e+01 
 1.58489319e+05  1.00381201e+02  1.58489319e+05 -7.47189158e+01 
 1.99526231e+05  8.08189132e+01  1.99526231e+05 -7.78886488e+01 
 2.51188643e+05  6.47581080e+01  2.51188643e+05 -8.04973279e+01 
 3.16227766e+05  5.17266852e+01  3.16227766e+05 -8.26434486e+01 
 3.98107171e+05  4.12341035e+01  3.98107171e+05 -8.44200958e+01 
 5.01187234e+05  3.28273758e+01  5.01187234e+05 -8.59109576e+01 
 6.30957344e+05  2.61130868e+01  6.30957344e+05 -8.71898889e+01 
 7.94328235e+05  2.07612837e+01  7.94328235e+05 -8.83222679e+01 
 1.00000000e+06  1.65009279e+01  1.00000000e+06 -8.93671777e+01 
 1.25892541e+06  1.31121744e+01  1.25892541e+06 -9.03799638e+01 
 1.58489319e+06  1.04180862e+01  1.58489319e+06 -9.14150310e+01 
 1.99526231e+06  8.27694037e+00  1.99526231e+06 -9.25289564e+01 
 2.51188643e+06  6.57554183e+00  2.51188643e+06 -9.37841617e+01 
 3.16227766e+06  5.22360720e+00  3.16227766e+06 -9.52535803e+01 
 3.98107171e+06  4.14912388e+00  3.98107171e+06 -9.70269587e+01 
 5.01187234e+06  3.29453061e+00  5.01187234e+06 -9.92195162e+01 
 6.30957344e+06  2.61355631e+00  6.30957344e+06 -1.01983044e+02 
 7.94328235e+06  2.06859400e+00  7.94328235e+06 -1.05516419e+02 
 1.00000000e+07  1.62862841e+00  1.00000000e+07 -1.10063326e+02 
 1.25892541e+07  1.26806711e+00  1.25892541e+07 -1.15866801e+02 
 1.58489319e+07  9.67203475e-01  1.58489319e+07 -1.23037783e+02 
 1.99526231e+07  7.14354427e-01  1.99526231e+07 -1.31350859e+02 
 2.51188643e+07  5.06642985e-01  2.51188643e+07 -1.40150924e+02 
 3.16227766e+07  3.45202851e-01  3.16227766e+07 -1.48598485e+02 
 3.98107171e+07  2.27917213e-01  3.98107171e+07 -1.56095561e+02 
 5.01187234e+07  1.47424872e-01  5.01187234e+07 -1.62469416e+02 
 6.30957344e+07  9.42376251e-02  6.30957344e+07 -1.67852123e+02 
 7.94328235e+07  5.98503235e-02  7.94328235e+07 -1.72496584e+02 
 1.00000000e+08  3.78736172e-02  1.00000000e+08 -1.76669419e+02 
 1.25892541e+08  2.39119967e-02  1.25892541e+08  1.79383688e+02 
 1.58489319e+08  1.50697344e-02  1.58489319e+08  1.75438491e+02 
 1.99526231e+08  9.47909001e-03  1.99526231e+08  1.71282707e+02 
 2.51188643e+08  5.94790442e-03  2.51188643e+08  1.66706591e+02 
 3.16227766e+08  3.71929020e-03  3.16227766e+08  1.61497448e+02 
 3.98107171e+08  2.31410547e-03  3.98107171e+08  1.55440585e+02 
 5.01187234e+08  1.42955697e-03  5.01187234e+08  1.48329584e+02 
 6.30957344e+08  8.74481235e-04  6.30957344e+08  1.39988476e+02 
 7.94328235e+08  5.28174564e-04  7.94328235e+08  1.30305619e+02 
 1.00000000e+09  3.14235353e-04  1.00000000e+09  1.19273319e+02 
 1.25892541e+09  1.84009553e-04  1.25892541e+09  1.07022317e+02 
 1.58489319e+09  1.06252034e-04  1.58489319e+09  9.38432594e+01 
 1.99526231e+09  6.08090653e-05  1.99526231e+09  8.01990210e+01 
 2.51188643e+09  3.47901500e-05  2.51188643e+09  6.67364687e+01 
 3.16227766e+09  2.01548061e-05  3.16227766e+09  5.42695130e+01 
 3.98107171e+09  1.20615322e-05  3.98107171e+09  4.35894453e+01 
 5.01187234e+09  7.67289050e-06  5.01187234e+09  3.48531086e+01 
 6.30957344e+09  5.31787573e-06  6.30957344e+09  2.68307746e+01 
 7.94328235e+09  3.99843375e-06  7.94328235e+09  1.75088367e+01 
 1.00000000e+10  3.16041206e-06  1.00000000e+10  5.96956791e+00 
