 1.00000000e+00 -3.01939515e+00 
 1.01000000e+00 -2.48896776e+00 
 1.02000000e+00 -1.97093949e+00 
 1.03000000e+00 -1.47130689e+00 
 1.04000000e+00 -9.95194922e-01 
 1.05000000e+00 -5.49210087e-01 
 1.06000000e+00 -1.42184187e-01 
 1.07000000e+00  2.14875288e-01 
 1.08000000e+00  5.09833766e-01 
 1.09000000e+00  7.17960860e-01 
 1.10000000e+00  8.17722326e-01 
 1.11000000e+00  8.72814279e-01 
 1.12000000e+00  9.13297700e-01 
 1.13000000e+00  9.46663283e-01 
 1.14000000e+00  9.75532195e-01 
 1.15000000e+00  1.00087795e+00 
 1.16000000e+00  1.02349046e+00 
 1.17000000e+00  1.04391597e+00 
 1.18000000e+00  1.06261867e+00 
 1.19000000e+00  1.07997384e+00 
 1.20000000e+00  1.09626881e+00 
 1.21000000e+00  1.11171942e+00 
 1.22000000e+00  1.12648781e+00 
 1.23000000e+00  1.14069692e+00 
 1.24000000e+00  1.15444128e+00 
 1.25000000e+00  1.16779465e+00 
 1.26000000e+00  1.18081543e+00 
 1.27000000e+00  1.19355049e+00 
 1.28000000e+00  1.20603794e+00 
 1.29000000e+00  1.21830907e+00 
 1.30000000e+00  1.23038988e+00 
 1.31000000e+00  1.24230217e+00 
 1.32000000e+00  1.25406434e+00 
 1.33000000e+00  1.26569204e+00 
 1.34000000e+00  1.27719869e+00 
 1.35000000e+00  1.28859585e+00 
 1.36000000e+00  1.29989352e+00 
 1.37000000e+00  1.31110040e+00 
 1.38000000e+00  1.32222410e+00 
 1.39000000e+00  1.33327129e+00 
 1.40000000e+00  1.34424781e+00 
 1.41000000e+00  1.35515883e+00 
 1.42000000e+00  1.36600890e+00 
 1.43000000e+00  1.37680204e+00 
 1.44000000e+00  1.38754181e+00 
 1.45000000e+00  1.39823133e+00 
 1.46000000e+00  1.40887337e+00 
 1.47000000e+00  1.41947037e+00 
 1.48000000e+00  1.43002444e+00 
 1.49000000e+00  1.44053743e+00 
 1.50000000e+00  1.45101093e+00 
 1.51000000e+00  1.46144628e+00 
 1.52000000e+00  1.47184458e+00 
 1.53000000e+00  1.48220672e+00 
 1.54000000e+00  1.49253338e+00 
 1.55000000e+00  1.50282500e+00 
 1.56000000e+00  1.51308182e+00 
 1.57000000e+00  1.52330385e+00 
 1.58000000e+00  1.53349085e+00 
 1.59000000e+00  1.54364235e+00 
 1.60000000e+00  1.55375761e+00 
 1.61000000e+00  1.56383557e+00 
 1.62000000e+00  1.57387486e+00 
 1.63000000e+00  1.58387372e+00 
 1.64000000e+00  1.59382996e+00 
 1.65000000e+00  1.60374089e+00 
 1.66000000e+00  1.61360324e+00 
 1.67000000e+00  1.62341301e+00 
 1.68000000e+00  1.63316538e+00 
 1.69000000e+00  1.64285451e+00 
 1.70000000e+00  1.65247331e+00 
 1.71000000e+00  1.66201315e+00 
 1.72000000e+00  1.67146349e+00 
 1.73000000e+00  1.68081140e+00 
 1.74000000e+00  1.69004096e+00 
 1.75000000e+00  1.69913242e+00 
 1.76000000e+00  1.70806125e+00 
 1.77000000e+00  1.71679688e+00 
 1.78000000e+00  1.72530119e+00 
 1.79000000e+00  1.73352689e+00 
 1.80000000e+00  1.74141604e+00 
 1.81000000e+00  1.74889929e+00 
 1.82000000e+00  1.75589700e+00 
 1.83000000e+00  1.76232397e+00 
 1.84000000e+00  1.76809921e+00 
 1.85000000e+00  1.77316051e+00 
 1.86000000e+00  1.77747990e+00 
 1.87000000e+00  1.78107282e+00 
 1.88000000e+00  1.78399568e+00 
 1.89000000e+00  1.78633309e+00 
 1.90000000e+00  1.78818143e+00 
 1.91000000e+00  1.78963531e+00 
 1.92000000e+00  1.79077945e+00 
 1.93000000e+00  1.79168523e+00 
 1.94000000e+00  1.79241018e+00 
 1.95000000e+00  1.79299907e+00 
 1.96000000e+00  1.79348563e+00 
 1.97000000e+00  1.79389476e+00 
 1.98000000e+00  1.79424451e+00 
 1.99000000e+00  1.79454796e+00 
 2.00000000e+00  1.79481465e+00 
 2.01000000e+00  1.79505163e+00 
 2.02000000e+00  1.79526420e+00 
 2.03000000e+00  1.79545642e+00 
 2.04000000e+00  1.79563148e+00 
 2.05000000e+00  1.79579190e+00 
 2.06000000e+00  1.79593973e+00 
 2.07000000e+00  1.79607664e+00 
 2.08000000e+00  1.79620403e+00 
 2.09000000e+00  1.79632306e+00 
 2.10000000e+00  1.79643471e+00 
 2.11000000e+00  1.79653981e+00 
 2.12000000e+00  1.79663908e+00 
 2.13000000e+00  1.79673314e+00 
 2.14000000e+00  1.79682251e+00 
 2.15000000e+00  1.79690767e+00 
 2.16000000e+00  1.79698900e+00 
 2.17000000e+00  1.79706688e+00 
 2.18000000e+00  1.79714160e+00 
 2.19000000e+00  1.79721345e+00 
 2.20000000e+00  1.79728266e+00 
 2.21000000e+00  1.79734947e+00 
 2.22000000e+00  1.79741405e+00 
 2.23000000e+00  1.79747658e+00 
 2.24000000e+00  1.79753721e+00 
 2.25000000e+00  1.79759610e+00 
 2.26000000e+00  1.79765335e+00 
 2.27000000e+00  1.79770909e+00 
 2.28000000e+00  1.79776342e+00 
 2.29000000e+00  1.79781642e+00 
 2.30000000e+00  1.79786819e+00 
 2.31000000e+00  1.79791880e+00 
 2.32000000e+00  1.79796833e+00 
 2.33000000e+00  1.79801683e+00 
 2.34000000e+00  1.79806436e+00 
 2.35000000e+00  1.79811099e+00 
 2.36000000e+00  1.79815676e+00 
 2.37000000e+00  1.79820172e+00 
 2.38000000e+00  1.79824590e+00 
 2.39000000e+00  1.79828936e+00 
 2.40000000e+00  1.79833212e+00 
 2.41000000e+00  1.79837422e+00 
 2.42000000e+00  1.79841570e+00 
 2.43000000e+00  1.79845657e+00 
 2.44000000e+00  1.79849687e+00 
 2.45000000e+00  1.79853663e+00 
 2.46000000e+00  1.79857586e+00 
 2.47000000e+00  1.79861460e+00 
 2.48000000e+00  1.79865286e+00 
 2.49000000e+00  1.79869065e+00 
 2.50000000e+00  1.79872801e+00 
 2.51000000e+00  1.79876495e+00 
 2.52000000e+00  1.79880147e+00 
 2.53000000e+00  1.79883761e+00 
 2.54000000e+00  1.79887337e+00 
 2.55000000e+00  1.79890877e+00 
 2.56000000e+00  1.79894382e+00 
 2.57000000e+00  1.79897853e+00 
 2.58000000e+00  1.79901292e+00 
 2.59000000e+00  1.79904699e+00 
 2.60000000e+00  1.79908076e+00 
 2.61000000e+00  1.79911424e+00 
 2.62000000e+00  1.79914743e+00 
 2.63000000e+00  1.79918034e+00 
 2.64000000e+00  1.79921299e+00 
 2.65000000e+00  1.79924538e+00 
 2.66000000e+00  1.79927753e+00 
 2.67000000e+00  1.79930942e+00 
 2.68000000e+00  1.79934109e+00 
 2.69000000e+00  1.79937252e+00 
 2.70000000e+00  1.79940373e+00 
 2.71000000e+00  1.79943473e+00 
 2.72000000e+00  1.79946551e+00 
 2.73000000e+00  1.79949610e+00 
 2.74000000e+00  1.79952648e+00 
 2.75000000e+00  1.79955667e+00 
 2.76000000e+00  1.79958667e+00 
 2.77000000e+00  1.79961649e+00 
 2.78000000e+00  1.79964613e+00 
 2.79000000e+00  1.79967559e+00 
 2.80000000e+00  1.79970489e+00 
 2.81000000e+00  1.79973402e+00 
 2.82000000e+00  1.79976298e+00 
 2.83000000e+00  1.79979179e+00 
 2.84000000e+00  1.79982045e+00 
 2.85000000e+00  1.79984896e+00 
 2.86000000e+00  1.79987731e+00 
 2.87000000e+00  1.79990553e+00 
 2.88000000e+00  1.79993360e+00 
 2.89000000e+00  1.79996154e+00 
 2.90000000e+00  1.79998934e+00 
 2.91000000e+00  1.80001702e+00 
 2.92000000e+00  1.80004456e+00 
 2.93000000e+00  1.80007198e+00 
 2.94000000e+00  1.80009927e+00 
 2.95000000e+00  1.80012645e+00 
 2.96000000e+00  1.80015350e+00 
 2.97000000e+00  1.80018045e+00 
 2.98000000e+00  1.80020727e+00 
 2.99000000e+00  1.80023399e+00 
 3.00000000e+00  1.80026060e+00 
