 1.00000000e+00  2.55075532e-02  1.00000000e+00 -2.24492148e-07 
 1.25892541e+00  2.55075532e-02  1.25892541e+00 -2.82618870e-07 
 1.58489319e+00  2.55075532e-02  1.58489319e+00 -3.55796078e-07 
 1.99526231e+00  2.55075532e-02  1.99526231e+00 -4.47920725e-07 
 2.51188643e+00  2.55075532e-02  2.51188643e+00 -5.63898784e-07 
 3.16227766e+00  2.55075532e-02  3.16227766e+00 -7.09906512e-07 
 3.98107171e+00  2.55075532e-02  3.98107171e+00 -8.93719352e-07 
 5.01187234e+00  2.55075532e-02  5.01187234e+00 -1.12512601e-06 
 6.30957344e+00  2.55075532e-02  6.30957344e+00 -1.41644975e-06 
 7.94328235e+00  2.55075532e-02  7.94328235e+00 -1.78320463e-06 
 1.00000000e+01  2.55075532e-02  1.00000000e+01 -2.24492170e-06 
 1.25892541e+01  2.55075532e-02  1.25892541e+01 -2.82618913e-06 
 1.58489319e+01  2.55075532e-02  1.58489319e+01 -3.55796164e-06 
 1.99526231e+01  2.55075532e-02  1.99526231e+01 -4.47920896e-06 
 2.51188643e+01  2.55075532e-02  2.51188643e+01 -5.63899126e-06 
 3.16227766e+01  2.55075532e-02  3.16227766e+01 -7.09907194e-06 
 3.98107171e+01  2.55075533e-02  3.98107171e+01 -8.93720714e-06 
 5.01187234e+01  2.55075533e-02  5.01187234e+01 -1.12512873e-05 
 6.30957344e+01  2.55075533e-02  6.30957344e+01 -1.41645517e-05 
 7.94328235e+01  2.55075534e-02  7.94328235e+01 -1.78321710e-05 
 1.00000000e+02  2.55075535e-02  1.00000000e+02 -2.24494536e-05 
 1.25892541e+02  2.55075537e-02  1.25892541e+02 -2.82623482e-05 
 1.58489319e+02  2.55075540e-02  1.58489319e+02 -3.55805417e-05 
 1.99526231e+02  2.55075545e-02  1.99526231e+02 -4.47939287e-05 
 2.51188643e+02  2.55075552e-02  2.51188643e+02 -5.63935949e-05 
 3.16227766e+02  2.55075564e-02  3.16227766e+02 -7.09980715e-05 
 3.98107171e+02  2.55075583e-02  3.98107171e+02 -8.93867675e-05 
 5.01187234e+02  2.55075612e-02  5.01187234e+02 -1.12542133e-04 
 6.30957344e+02  2.55075659e-02  6.30957344e+02 -1.41703937e-04 
 7.94328235e+02  2.55075733e-02  7.94328235e+02 -1.78438154e-04 
 1.00000000e+03  2.55075851e-02  1.00000000e+03 -2.24726821e-04 
 1.25892541e+03  2.55076037e-02  1.25892541e+03 -2.83087157e-04 
 1.58489319e+03  2.55076332e-02  1.58489319e+03 -3.56729775e-04 
 1.99526231e+03  2.55076801e-02  1.99526231e+03 -4.49784262e-04 
 2.51188643e+03  2.55077543e-02  2.51188643e+03 -5.67616804e-04 
 3.16227766e+03  2.55078719e-02  3.16227766e+03 -7.17324906e-04 
 3.98107171e+03  2.55080582e-02  3.98107171e+03 -9.08519799e-04 
 5.01187234e+03  2.55083535e-02  5.01187234e+03 -1.15465480e-03 
 6.30957344e+03  2.55088214e-02  6.30957344e+03 -1.47536037e-03 
 7.94328235e+03  2.55095627e-02  7.94328235e+03 -1.90071998e-03 
 1.00000000e+04  2.55107371e-02  1.00000000e+04 -2.47931952e-03 
 1.25892541e+04  2.55125965e-02  1.25892541e+04 -3.29362201e-03 
 1.58489319e+04  2.55155394e-02  1.58489319e+04 -4.48983266e-03 
 1.99526231e+04  2.55201933e-02  1.99526231e+04 -6.33607376e-03 
 2.51188643e+04  2.55275433e-02  2.51188643e+04 -9.33614796e-03 
 3.16227766e+04  2.55391278e-02  3.16227766e+04 -1.44514585e-02 
 3.98107171e+04  2.55573275e-02  3.98107171e+04 -2.35305577e-02 
 5.01187234e+04  2.55857747e-02  5.01187234e+04 -4.01298332e-02 
 6.30957344e+04  2.56298868e-02  6.30957344e+04 -7.10448523e-02 
 7.94328235e+04  2.56974450e-02  7.94328235e+04 -1.29059000e-01 
 1.00000000e+05  2.57989415e-02  1.00000000e+05 -2.37572022e-01 
 1.25892541e+05  2.59470134e-02  1.25892541e+05 -4.37588405e-01 
 1.58489319e+05  2.61537105e-02  1.58489319e+05 -7.96343276e-01 
 1.99526231e+05  2.64240668e-02  1.99526231e+05 -1.41382994e+00 
 2.51188643e+05  2.67457367e-02  2.51188643e+05 -2.41953993e+00 
 3.16227766e+05  2.70783844e-02  3.16227766e+05 -3.95211910e+00 
 3.98107171e+05  2.73505987e-02  3.98107171e+05 -6.12607189e+00 
 5.01187234e+05  2.74692741e-02  5.01187234e+05 -9.00530121e+00 
 6.30957344e+05  2.73357284e-02  6.30957344e+05 -1.26000150e+01 
 7.94328235e+05  2.68578712e-02  7.94328235e+05 -1.68774957e+01 
 1.00000000e+06  2.59575567e-02  1.00000000e+06 -2.17611005e+01 
 1.25892541e+06  2.45836048e-02  1.25892541e+06 -2.71064030e+01 
 1.58489319e+06  2.27370032e-02  1.58489319e+06 -3.26711637e+01 
 1.99526231e+06  2.04963761e-02  1.99526231e+06 -3.81114605e+01 
 2.51188643e+06  1.80180499e-02  2.51188643e+06 -4.30250131e+01 
 3.16227766e+06  1.54981726e-02  3.16227766e+06 -4.70277828e+01 
 3.98107171e+06  1.31170574e-02  3.98107171e+06 -4.98231225e+01 
 5.01187234e+06  1.09996597e-02  5.01187234e+06 -5.12344328e+01 
 6.30957344e+06  9.20683288e-03  6.30957344e+06 -5.12066295e+01 
 7.94328235e+06  7.74798562e-03  7.94328235e+06 -4.97999351e+01 
 1.00000000e+07  6.59948548e-03  1.00000000e+07 -4.71894503e+01 
 1.25892541e+07  5.71971275e-03  1.25892541e+07 -4.36606288e+01 
 1.58489319e+07  5.05915286e-03  1.58489319e+07 -3.95759895e+01 
 1.99526231e+07  4.56742709e-03  1.99526231e+07 -3.53012747e+01 
 2.51188643e+07  4.19908173e-03  2.51188643e+07 -3.11175476e+01 
 3.16227766e+07  3.91819983e-03  3.16227766e+07 -2.71719664e+01 
 3.98107171e+07  3.70046507e-03  3.98107171e+07 -2.34988177e+01 
 5.01187234e+07  3.53161240e-03  5.01187234e+07 -2.00884657e+01 
 6.30957344e+07  3.40326879e-03  6.30957344e+07 -1.69469747e+01 
 7.94328235e+07  3.30892813e-03  7.94328235e+07 -1.41085509e+01 
 1.00000000e+08  3.24205085e-03  1.00000000e+08 -1.16123341e+01 
 1.25892541e+08  3.19609054e-03  1.25892541e+08 -9.47785078e+00 
 1.58489319e+08  3.16516954e-03  1.58489319e+08 -7.69740465e+00 
 1.99526231e+08  3.14453007e-03  1.99526231e+08 -6.24211436e+00 
 2.51188643e+08  3.13058978e-03  2.51188643e+08 -5.07193517e+00 
 3.16227766e+08  3.12075722e-03  3.16227766e+08 -4.14365590e+00 
 3.98107171e+08  3.11318341e-03  3.98107171e+08 -3.41529282e+00 
 5.01187234e+08  3.10655794e-03  5.01187234e+08 -2.84751913e+00 
 6.30957344e+08  3.10000086e-03  6.30957344e+08 -2.40350456e+00 
 7.94328235e+08  3.09305448e-03  7.94328235e+08 -2.04881921e+00 
 1.00000000e+09  3.08571560e-03  1.00000000e+09 -1.75291250e+00 
 1.25892541e+09  3.07838974e-03  1.25892541e+09 -1.49232467e+00 
 1.58489319e+09  3.07168654e-03  1.58489319e+09 -1.25345396e+00 
 1.99526231e+09  3.06613620e-03  1.99526231e+09 -1.03208767e+00 
 2.51188643e+09  3.06200772e-03  2.51188643e+09 -8.29669229e-01 
 3.16227766e+09  3.05930832e-03  3.16227766e+09 -6.49123421e-01 
 3.98107171e+09  3.05788530e-03  3.98107171e+09 -4.92569721e-01 
 5.01187234e+09  3.05751847e-03  5.01187234e+09 -3.60952242e-01 
 6.30957344e+09  3.05795840e-03  6.30957344e+09 -2.54347580e-01 
 7.94328235e+09  3.05893292e-03  7.94328235e+09 -1.71960681e-01 
 1.00000000e+10  3.06016482e-03  1.00000000e+10 -1.11747775e-01 
