 1.00000000e+00  7.20133532e+01  1.00000000e+00 -3.62758579e-04 
 1.25892541e+00  7.20133532e+01  1.25892541e+00 -4.56685993e-04 
 1.58489319e+00  7.20133532e+01  1.58489319e+00 -5.74933602e-04 
 1.99526231e+00  7.20133532e+01  1.99526231e+00 -7.23798522e-04 
 2.51188643e+00  7.20133532e+01  2.51188643e+00 -9.11208352e-04 
 3.16227766e+00  7.20133532e+01  3.16227766e+00 -1.14714335e-03 
 3.98107171e+00  7.20133532e+01  3.98107171e+00 -1.44416791e-03 
 5.01187234e+00  7.20133532e+01  5.01187234e+00 -1.81809969e-03 
 6.30957344e+00  7.20133532e+01  6.30957344e+00 -2.28885189e-03 
 7.94328235e+00  7.20133532e+01  7.94328235e+00 -2.88149381e-03 
 1.00000000e+01  7.20133531e+01  1.00000000e+01 -3.62758578e-03 
 1.25892541e+01  7.20133530e+01  1.25892541e+01 -4.56685992e-03 
 1.58489319e+01  7.20133529e+01  1.58489319e+01 -5.74933600e-03 
 1.99526231e+01  7.20133527e+01  1.99526231e+01 -7.23798518e-03 
 2.51188643e+01  7.20133524e+01  2.51188643e+01 -9.11208345e-03 
 3.16227766e+01  7.20133518e+01  3.16227766e+01 -1.14714334e-02 
 3.98107171e+01  7.20133510e+01  3.98107171e+01 -1.44416788e-02 
 5.01187234e+01  7.20133497e+01  5.01187234e+01 -1.81809963e-02 
 6.30957344e+01  7.20133476e+01  6.30957344e+01 -2.28885178e-02 
 7.94328235e+01  7.20133444e+01  7.94328235e+01 -2.88149358e-02 
 1.00000000e+02  7.20133391e+01  1.00000000e+02 -3.62758532e-02 
 1.25892541e+02  7.20133309e+01  1.25892541e+02 -4.56685900e-02 
 1.58489319e+02  7.20133178e+01  1.58489319e+02 -5.74933416e-02 
 1.99526231e+02  7.20132971e+01  1.99526231e+02 -7.23798150e-02 
 2.51188643e+02  7.20132643e+01  2.51188643e+02 -9.11207610e-02 
 3.16227766e+02  7.20132122e+01  3.16227766e+02 -1.14714187e-01 
 3.98107171e+02  7.20131297e+01  3.98107171e+02 -1.44416496e-01 
 5.01187234e+02  7.20129989e+01  5.01187234e+02 -1.81809379e-01 
 6.30957344e+02  7.20127916e+01  6.30957344e+02 -2.28884013e-01 
 7.94328235e+02  7.20124632e+01  7.94328235e+02 -2.88147035e-01 
 1.00000000e+03  7.20119426e+01  1.00000000e+03 -3.62753896e-01 
 1.25892541e+03  7.20111176e+01  1.25892541e+03 -4.56676650e-01 
 1.58489319e+03  7.20098100e+01  1.58489319e+03 -5.74914961e-01 
 1.99526231e+03  7.20077378e+01  1.99526231e+03 -7.23761329e-01 
 2.51188643e+03  7.20044540e+01  2.51188643e+03 -9.11134148e-01 
 3.16227766e+03  7.19992504e+01  3.16227766e+03 -1.14699530e+00 
 3.98107171e+03  7.19910056e+01  3.98107171e+03 -1.44387257e+00 
 5.01187234e+03  7.19779442e+01  5.01187234e+03 -1.81751052e+00 
 6.30957344e+03  7.19572579e+01  6.30957344e+03 -2.28767676e+00 
 7.94328235e+03  7.19245087e+01  7.94328235e+03 -2.87915039e+00 
 1.00000000e+04  7.18726963e+01  1.00000000e+04 -3.62291408e+00 
 1.25892541e+04  7.17908079e+01  1.25892541e+04 -4.55755139e+00 
 1.58489319e+04  7.16615950e+01  1.58489319e+04 -5.73080319e+00 
 1.99526231e+04  7.14582276e+01  1.99526231e+04 -7.20113351e+00 
 2.51188643e+04  7.11394282e+01  2.51188643e+04 -9.03894944e+00 
 3.16227766e+04  7.06427894e+01  3.16227766e+04 -1.13267398e+01 
 3.98107171e+04  6.98765395e+01  3.98107171e+04 -1.41567620e+01 
 5.01187234e+04  6.87115874e+01  5.01187234e+04 -1.76240131e+01 
 6.30957344e+04  6.69789653e+01  6.30957344e+04 -2.18114024e+01 
 7.94328235e+04  6.44827085e+01  7.94328235e+04 -2.67644711e+01 
 1.00000000e+05  6.10412319e+01  1.00000000e+05 -3.24570381e+01 
 1.25892541e+05  5.65617002e+01  1.25892541e+05 -3.87587525e+01 
 1.58489319e+05  5.11227735e+01  1.58489319e+05 -4.54267170e+01 
 1.99526231e+05  4.50078745e+01  1.99526231e+05 -5.21416789e+01 
 2.51188643e+05  3.86431487e+01  2.51188643e+05 -5.85833185e+01 
 3.16227766e+05  3.24665445e+01  3.16227766e+05 -6.45072192e+01 
 3.98107171e+05  2.68109525e+01  3.98107171e+05 -6.97846876e+01 
 5.01187234e+05  2.18585661e+01  5.01187234e+05 -7.43974874e+01 
 6.30957344e+05  1.76596282e+01  6.30957344e+05 -7.84069760e+01 
 7.94328235e+05  1.41778088e+01  7.94328235e+05 -8.19203351e+01 
 1.00000000e+06  1.13329506e+01  1.00000000e+06 -8.50657242e+01 
 1.25892541e+06  9.03039950e+00  1.25892541e+06 -8.79781965e+01 
 1.58489319e+06  7.17745543e+00  1.58489319e+06 -9.07937532e+01 
 1.99526231e+06  5.69097081e+00  1.99526231e+06 -9.36481704e+01 
 2.51188643e+06  4.49985389e+00  2.51188643e+06 -9.66777212e+01 
 3.16227766e+06  3.54502270e+00  3.16227766e+06 -1.00019307e+02 
 3.98107171e+06  2.77829897e+00  3.98107171e+06 -1.03807378e+02 
 5.01187234e+06  2.16103656e+00  5.01187234e+06 -1.08164483e+02 
 6.30957344e+06  1.66285998e+00  6.30957344e+06 -1.13182197e+02 
 7.94328235e+06  1.26060113e+00  7.94328235e+06 -1.18891402e+02 
 1.00000000e+07  9.37269567e-01  1.00000000e+07 -1.25228148e+02 
 1.25892541e+07  6.80715629e-01  1.25892541e+07 -1.32013035e+02 
 1.58489319e+07  4.81786686e-01  1.58489319e+07 -1.38968149e+02 
 1.99526231e+07  3.32351335e-01  1.99526231e+07 -1.45780050e+02 
 2.51188643e+07  2.24042205e-01  2.51188643e+07 -1.52183203e+02 
 3.16227766e+07  1.48202632e-01  3.16227766e+07 -1.58019866e+02 
 3.98107171e+07  9.66322432e-02  3.98107171e+07 -1.63252338e+02 
 5.01187234e+07  6.23491695e-02  5.01187234e+07 -1.67937669e+02 
 6.30957344e+07  3.99284303e-02  6.30957344e+07 -1.72190646e+02 
 7.94328235e+07  2.54323604e-02  7.94328235e+07 -1.76154773e+02 
 1.00000000e+08  1.61338678e-02  1.00000000e+08 -1.79987322e+02 
 1.25892541e+08  1.02019355e-02  1.25892541e+08  1.76145159e+02 
 1.58489319e+08  6.43202115e-03  1.58489319e+08  1.72066764e+02 
 1.99526231e+08  4.04250797e-03  1.99526231e+08  1.67591635e+02 
 2.51188643e+08  2.53097187e-03  2.51188643e+08  1.62525460e+02 
 3.16227766e+08  1.57656436e-03  3.16227766e+08  1.56671851e+02 
 3.98107171e+08  9.75322301e-04  3.98107171e+08  1.49846995e+02 
 5.01187234e+08  5.97970375e-04  5.01187234e+08  1.41904977e+02 
 6.30957344e+08  3.62657650e-04  6.30957344e+08  1.32771389e+02 
 7.94328235e+08  2.17448421e-04  7.94328235e+08  1.22474078e+02 
 1.00000000e+09  1.29174564e-04  1.00000000e+09  1.11154802e+02 
 1.25892541e+09  7.64778664e-05  1.25892541e+09  9.90561128e+01 
 1.58489319e+09  4.55805282e-05  1.58489319e+09  8.64992791e+01 
 1.99526231e+09  2.77101166e-05  1.99526231e+09  7.38715949e+01 
 2.51188643e+09  1.74355711e-05  2.51188643e+09  6.16145188e+01 
 3.16227766e+09  1.15106287e-05  3.16227766e+09  5.01851765e+01 
 3.98107171e+09  8.05728322e-06  3.98107171e+09  3.99824078e+01 
 5.01187234e+09  6.01358259e-06  5.01187234e+09  3.12634784e+01 
 6.30957344e+09  4.78435308e-06  6.30957344e+09  2.40936564e+01 
 7.94328235e+09  4.03426300e-06  7.94328235e+09  1.83570469e+01 
 1.00000000e+10  3.57129564e-06  1.00000000e+10  1.38213373e+01 
