 1.00000000e+00  8.77330339e-11  1.00000000e+00  8.99985146e+01 
 1.25892541e+00  1.10449346e-10  1.25892541e+00  8.99987711e+01 
 1.58489319e+00  1.39047488e-10  1.58489319e+00  8.99989621e+01 
 1.99526231e+00  1.75050416e-10  1.99526231e+00  8.99990979e+01 
 2.51188643e+00  2.20375417e-10  2.51188643e+00  8.99991856e+01 
 3.16227766e+00  2.77436213e-10  3.16227766e+00  8.99992299e+01 
 3.98107171e+00  3.49271499e-10  3.98107171e+00  8.99992333e+01 
 5.01187234e+00  4.39706766e-10  5.01187234e+00  8.99991958e+01 
 6.30957344e+00  5.53558021e-10  6.30957344e+00  8.99991154e+01 
 7.94328235e+00  6.96888259e-10  7.94328235e+00  8.99989880e+01 
 1.00000000e+01  8.77330339e-10  1.00000000e+01  8.99988067e+01 
 1.25892541e+01  1.10449346e-09  1.25892541e+01  8.99985618e+01 
 1.58489319e+01  1.39047488e-09  1.58489319e+01  8.99982404e+01 
 1.99526231e+01  1.75050416e-09  1.99526231e+01  8.99978252e+01 
 2.51188643e+01  2.20375418e-09  2.51188643e+01  8.99972942e+01 
 3.16227766e+01  2.77436214e-09  3.16227766e+01  8.99966192e+01 
 3.98107171e+01  3.49271500e-09  3.98107171e+01  8.99957641e+01 
 5.01187234e+01  4.39706767e-09  5.01187234e+01  8.99946834e+01 
 6.30957344e+01  5.53558024e-09  6.30957344e+01  8.99933196e+01 
 7.94328235e+01  6.96888266e-09  7.94328235e+01  8.99916000e+01 
 1.00000000e+02  8.77330351e-09  1.00000000e+02  8.99894331e+01 
 1.25892541e+02  1.10449348e-08  1.25892541e+02  8.99867035e+01 
 1.58489319e+02  1.39047493e-08  1.58489319e+02  8.99832657e+01 
 1.99526231e+02  1.75050426e-08  1.99526231e+02  8.99789369e+01 
 2.51188643e+02  2.20375437e-08  2.51188643e+02  8.99734863e+01 
 3.16227766e+02  2.77436253e-08  3.16227766e+02  8.99666238e+01 
 3.98107171e+02  3.49271577e-08  3.98107171e+02  8.99579838e+01 
 5.01187234e+02  4.39706922e-08  5.01187234e+02  8.99471064e+01 
 6.30957344e+02  5.53558334e-08  6.30957344e+02  8.99334122e+01 
 7.94328235e+02  6.96888884e-08  7.94328235e+02  8.99161720e+01 
 1.00000000e+03  8.77331585e-08  1.00000000e+03  8.98944676e+01 
 1.25892541e+03  1.10449594e-07  1.25892541e+03  8.98671433e+01 
 1.58489319e+03  1.39047984e-07  1.58489319e+03  8.98327439e+01 
 1.99526231e+03  1.75051406e-07  1.99526231e+03  8.97894378e+01 
 2.51188643e+03  2.20377392e-07  2.51188643e+03  8.97349187e+01 
 3.16227766e+03  2.77440154e-07  3.16227766e+03  8.96662838e+01 
 3.98107171e+03  3.49279362e-07  3.98107171e+03  8.95798785e+01 
 5.01187234e+03  4.39722454e-07  5.01187234e+03  8.94711028e+01 
 6.30957344e+03  5.53589323e-07  6.30957344e+03  8.93341665e+01 
 7.94328235e+03  6.96950715e-07  7.94328235e+03  8.91617824e+01 
 1.00000000e+04  8.77454950e-07  1.00000000e+04  8.89447806e+01 
 1.25892541e+04  1.10474208e-06  1.25892541e+04  8.86716253e+01 
 1.58489319e+04  1.39097091e-06  1.58489319e+04  8.83278104e+01 
 1.99526231e+04  1.75149377e-06  1.99526231e+04  8.78951075e+01 
 2.51188643e+04  2.20572838e-06  2.51188643e+04  8.73506345e+01 
 3.16227766e+04  2.77830014e-06  3.16227766e+04  8.66657170e+01 
 3.98107171e+04  3.50056904e-06  3.98107171e+04  8.58045191e+01 
 5.01187234e+04  4.41272812e-06  5.01187234e+04  8.47224468e+01 
 6.30957344e+04  5.56679409e-06  6.30957344e+04  8.33643883e+01 
 7.94328235e+04  7.03105911e-06  7.94328235e+04  8.16629803e+01 
 1.00000000e+05  8.89703772e-06  1.00000000e+05  7.95373402e+01 
 1.25892541e+05  1.12908055e-05  1.25892541e+05  7.68931512e+01 
 1.58489319e+05  1.43921923e-05  1.58489319e+05  7.36257074e+01 
 1.99526231e+05  1.84680209e-05  1.99526231e+05  6.96284564e+01 
 2.51188643e+05  2.39300286e-05  2.51188643e+05  6.48101813e+01 
 3.16227766e+05  3.14346541e-05  3.16227766e+05  5.91227107e+01 
 3.98107171e+05  4.20502789e-05  3.98107171e+05  5.25953543e+01 
 5.01187234e+05  5.75269742e-05  5.01187234e+05  4.53612537e+01 
 6.30957344e+05  8.07152242e-05  6.30957344e+05  3.76517375e+01 
 7.94328235e+05  1.16199948e-04  7.94328235e+05  2.97437166e+01 
 1.00000000e+06  1.71254796e-04  1.00000000e+06  2.18766958e+01 
 1.25892541e+06  2.57280467e-04  1.25892541e+06  1.41818170e+01 
 1.58489319e+06  3.91949802e-04  1.58489319e+06  6.65457666e+00 
 1.99526231e+06  6.02298784e-04  1.99526231e+06 -8.30748089e-01 
 2.51188643e+06  9.28891079e-04  2.51188643e+06 -8.48666244e+00 
 3.16227766e+06  1.43076707e-03  3.16227766e+06 -1.65757385e+01 
 3.98107171e+06  2.18987619e-03  3.98107171e+06 -2.53766950e+01 
 5.01187234e+06  3.31187117e-03  5.01187234e+06 -3.51502744e+01 
 6.30957344e+06  4.91805666e-03  6.30957344e+06 -4.61025802e+01 
 7.94328235e+06  7.12319013e-03  7.94328235e+06 -5.83524148e+01 
 1.00000000e+07  9.99878023e-03  1.00000000e+07 -7.19202432e+01 
 1.25892541e+07  1.35298877e-02  1.25892541e+07 -8.67545436e+01 
 1.58489319e+07  1.75759195e-02  1.58489319e+07 -1.02785047e+02 
 1.99526231e+07  2.18401307e-02  1.99526231e+07 -1.19961178e+02 
 2.51188643e+07  2.58572396e-02  2.51188643e+07 -1.38237983e+02 
 3.16227766e+07  2.90340713e-02  3.16227766e+07 -1.57515828e+02 
 3.98107171e+07  3.07857860e-02  3.98107171e+07 -1.77582187e+02 
 5.01187234e+07  3.07476073e-02  5.01187234e+07  1.61894966e+02 
 6.30957344e+07  2.89428849e-02  6.30957344e+07  1.41312719e+02 
 7.94328235e+07  2.57801211e-02  7.94328235e+07  1.21056565e+02 
 1.00000000e+08  2.18794867e-02  1.00000000e+08  1.01457353e+02 
 1.25892541e+08  1.78543214e-02  1.25892541e+08  8.28087702e+01 
 1.58489319e+08  1.41641018e-02  1.58489319e+08  6.54200931e+01 
 1.99526231e+08  1.10658302e-02  1.99526231e+08  4.96499959e+01 
 2.51188643e+08  8.63525522e-03  2.51188643e+08  3.58849393e+01 
 3.16227766e+08  6.82377162e-03  3.16227766e+08  2.44640282e+01 
 3.98107171e+08  5.52236688e-03  3.98107171e+08  1.55797136e+01 
 5.01187234e+08  4.61080787e-03  5.01187234e+08  9.20019358e+00 
 6.30957344e+08  3.98382372e-03  6.30957344e+08  5.06026444e+00 
 7.94328235e+08  3.55900710e-03  7.94328235e+08  2.73354753e+00 
 1.00000000e+09  3.27540282e-03  1.00000000e+09  1.74822939e+00 
 1.25892541e+09  3.08927337e-03  1.25892541e+09  1.68868486e+00 
 1.58489319e+09  2.96994576e-03  1.58489319e+09  2.24914136e+00 
 1.99526231e+09  2.89652864e-03  1.99526231e+09  3.24057524e+00 
 2.51188643e+09  2.85549235e-03  2.51188643e+09  4.57023330e+00 
 3.16227766e+09  2.83895475e-03  3.16227766e+09  6.21268422e+00 
 3.98107171e+09  2.84356407e-03  3.98107171e+09  8.18240044e+00 
 5.01187234e+09  2.86990562e-03  5.01187234e+09  1.05093152e+01 
 6.30957344e+09  2.92233133e-03  6.30957344e+09  1.32141531e+01 
 7.94328235e+09  3.00902738e-03  7.94328235e+09  1.62799737e+01 
 1.00000000e+10  3.14201354e-03  1.00000000e+10  1.96203379e+01 
