 0.00000000e+00  1.18682670e-08 
 1.00000000e-02  1.21696351e-08 
 2.00000000e-02  1.56546957e-08 
 3.00000000e-02  1.63103680e-08 
 4.00000000e-02  1.67794420e-08 
 5.00000000e-02  1.70622225e-08 
 6.00000000e-02  1.72543793e-08 
 7.00000000e-02  1.74085381e-08 
 8.00000000e-02  1.75231886e-08 
 9.00000000e-02  1.76037982e-08 
 1.00000000e-01  1.76676156e-08 
 1.10000000e-01  1.77132937e-08 
 1.20000000e-01  1.77476111e-08 
 1.30000000e-01  1.77750220e-08 
 1.40000000e-01  1.77962332e-08 
 1.50000000e-01  1.78115379e-08 
 1.60000000e-01  1.78235888e-08 
 1.70000000e-01  1.78327123e-08 
 1.80000000e-01  1.78395067e-08 
 1.90000000e-01  1.78448582e-08 
 2.00000000e-01  1.78488441e-08 
 2.10000000e-01  1.78518656e-08 
 2.20000000e-01  1.78541937e-08 
 2.30000000e-01  1.78560121e-08 
 2.40000000e-01  1.78573669e-08 
 2.50000000e-01  1.78583946e-08 
 2.60000000e-01  1.78591873e-08 
 2.70000000e-01  1.78597982e-08 
 2.80000000e-01  1.78602571e-08 
 2.90000000e-01  1.78606159e-08 
 3.00000000e-01  1.78608728e-08 
 3.10000000e-01  1.78610907e-08 
 3.20000000e-01  1.78612507e-08 
 3.30000000e-01  1.78613688e-08 
 3.40000000e-01  1.78614661e-08 
 3.50000000e-01  1.78615356e-08 
 3.60000000e-01  1.78615915e-08 
 3.70000000e-01  1.78616366e-08 
 3.80000000e-01  1.78616692e-08 
 3.90000000e-01  1.78616928e-08 
 4.00000000e-01  1.78617130e-08 
 4.10000000e-01  1.78617280e-08 
 4.20000000e-01  1.78617387e-08 
 4.30000000e-01  1.78617480e-08 
 4.40000000e-01  1.78617554e-08 
 4.50000000e-01  1.78617608e-08 
 4.60000000e-01  1.78617649e-08 
 4.70000000e-01  1.78617685e-08 
 4.80000000e-01  1.78617712e-08 
 4.90000000e-01  1.78617735e-08 
 5.00000000e-01  1.78617752e-08 
 5.10000000e-01  1.78617767e-08 
 5.20000000e-01  1.78617780e-08 
 5.30000000e-01  1.78617788e-08 
 5.40000000e-01  1.78617795e-08 
 5.50000000e-01  1.78617802e-08 
 5.60000000e-01  1.78617808e-08 
 5.70000000e-01  1.78617812e-08 
 5.80000000e-01  1.78617816e-08 
 5.90000000e-01  1.78617819e-08 
 6.00000000e-01  1.78617822e-08 
 6.10000000e-01  1.78617825e-08 
 6.20000000e-01  1.78617826e-08 
 6.30000000e-01  1.78617828e-08 
 6.40000000e-01  1.78617830e-08 
 6.50000000e-01  1.78617831e-08 
 6.60000000e-01  1.78617832e-08 
 6.70000000e-01  1.78617833e-08 
 6.80000000e-01  1.78617834e-08 
 6.90000000e-01  1.78617835e-08 
 7.00000000e-01  1.78617835e-08 
 7.10000000e-01  1.78617836e-08 
 7.20000000e-01  1.78617836e-08 
 7.30000000e-01  1.78617837e-08 
 7.40000000e-01  1.78617837e-08 
 7.50000000e-01  1.78617837e-08 
 7.60000000e-01  1.78617837e-08 
 7.70000000e-01  1.78617838e-08 
 7.80000000e-01  1.78617838e-08 
 7.90000000e-01  1.78617839e-08 
 8.00000000e-01  1.78617839e-08 
 8.10000000e-01  1.78617839e-08 
 8.20000000e-01  1.78617839e-08 
 8.30000000e-01  1.78617839e-08 
 8.40000000e-01  1.78617839e-08 
 8.50000000e-01  1.78617839e-08 
 8.60000000e-01  1.78617839e-08 
 8.70000000e-01  1.78617839e-08 
 8.80000000e-01  1.78617839e-08 
 8.90000000e-01  1.78617839e-08 
 9.00000000e-01  1.78617840e-08 
 9.10000000e-01  1.78617840e-08 
 9.20000000e-01  1.78617840e-08 
 9.30000000e-01  1.78617840e-08 
 9.40000000e-01  1.78617840e-08 
 9.50000000e-01  1.78617840e-08 
 9.60000000e-01  1.78617840e-08 
 9.70000000e-01  1.78617840e-08 
 9.80000000e-01  1.78617840e-08 
 9.90000000e-01  1.78617840e-08 
 1.00000000e+00  1.78617840e-08 
 1.01000000e+00  1.78617840e-08 
 1.02000000e+00  1.78617840e-08 
 1.03000000e+00  1.78617840e-08 
 1.04000000e+00  1.78617840e-08 
 1.05000000e+00  1.78617840e-08 
 1.06000000e+00  1.78617840e-08 
 1.07000000e+00  1.78617840e-08 
 1.08000000e+00  1.78617840e-08 
 1.09000000e+00  1.78617840e-08 
 1.10000000e+00  1.78617840e-08 
 1.11000000e+00  1.78617840e-08 
 1.12000000e+00  1.78617840e-08 
 1.13000000e+00  1.78617840e-08 
 1.14000000e+00  1.78617840e-08 
 1.15000000e+00  1.78617840e-08 
 1.16000000e+00  1.78617840e-08 
 1.17000000e+00  1.78617840e-08 
 1.18000000e+00  1.78617840e-08 
 1.19000000e+00  1.78617840e-08 
 1.20000000e+00  1.78617840e-08 
 1.21000000e+00  1.78617840e-08 
 1.22000000e+00  1.78617840e-08 
 1.23000000e+00  1.78617840e-08 
 1.24000000e+00  1.78617840e-08 
 1.25000000e+00  1.78617840e-08 
 1.26000000e+00  1.78617840e-08 
 1.27000000e+00  1.78617840e-08 
 1.28000000e+00  1.78617840e-08 
 1.29000000e+00  1.78617840e-08 
 1.30000000e+00  1.78617840e-08 
 1.31000000e+00  1.78617840e-08 
 1.32000000e+00  1.78617840e-08 
 1.33000000e+00  1.78617840e-08 
 1.34000000e+00  1.78617840e-08 
 1.35000000e+00  1.78617840e-08 
 1.36000000e+00  1.78617840e-08 
 1.37000000e+00  1.78617840e-08 
 1.38000000e+00  1.78617840e-08 
 1.39000000e+00  1.78617840e-08 
 1.40000000e+00  1.78617840e-08 
 1.41000000e+00  1.78617840e-08 
 1.42000000e+00  1.78617840e-08 
 1.43000000e+00  1.78617840e-08 
 1.44000000e+00  1.78617840e-08 
 1.45000000e+00  1.78617840e-08 
 1.46000000e+00  1.78617840e-08 
 1.47000000e+00  1.78617840e-08 
 1.48000000e+00  1.78617840e-08 
 1.49000000e+00  1.78617840e-08 
 1.50000000e+00  1.78617840e-08 
 1.51000000e+00  1.78617840e-08 
 1.52000000e+00  1.78617840e-08 
 1.53000000e+00  1.78617840e-08 
 1.54000000e+00  1.78617840e-08 
 1.55000000e+00  1.78617840e-08 
 1.56000000e+00  1.78617840e-08 
 1.57000000e+00  1.78617840e-08 
 1.58000000e+00  1.78617840e-08 
 1.59000000e+00  1.78617840e-08 
 1.60000000e+00  1.78617840e-08 
 1.61000000e+00  1.78617840e-08 
 1.62000000e+00  1.78617840e-08 
 1.63000000e+00  1.78617840e-08 
 1.64000000e+00  1.78617840e-08 
 1.65000000e+00  1.78617840e-08 
 1.66000000e+00  1.78617840e-08 
 1.67000000e+00  1.78617840e-08 
 1.68000000e+00  1.78617840e-08 
 1.69000000e+00  1.78617840e-08 
 1.70000000e+00  1.78617840e-08 
 1.71000000e+00  1.78617840e-08 
 1.72000000e+00  1.78617840e-08 
 1.73000000e+00  1.78617840e-08 
 1.74000000e+00  1.78617840e-08 
 1.75000000e+00  1.78617840e-08 
 1.76000000e+00  1.78617840e-08 
 1.77000000e+00  1.78617840e-08 
 1.78000000e+00  1.78617840e-08 
 1.79000000e+00  1.78617840e-08 
 1.80000000e+00  1.78617840e-08 
