 1.00000000e+00  1.29472748e-01  1.00000000e+00 -2.08301672e-03 
 1.25892541e+00  1.29472748e-01  1.25892541e+00 -2.62236269e-03 
 1.58489319e+00  1.29472748e-01  1.58489319e+00 -3.30135902e-03 
 1.99526231e+00  1.29472748e-01  1.99526231e+00 -4.15616476e-03 
 2.51188643e+00  1.29472748e-01  2.51188643e+00 -5.23230143e-03 
 3.16227766e+00  1.29472748e-01  3.16227766e+00 -6.58707723e-03 
 3.98107171e+00  1.29472747e-01  3.98107171e+00 -8.29263889e-03 
 5.01187234e+00  1.29472747e-01  5.01187234e+00 -1.04398138e-02 
 6.30957344e+00  1.29472745e-01  6.30957344e+00 -1.31429468e-02 
 7.94328235e+00  1.29472744e-01  7.94328235e+00 -1.65459896e-02 
 1.00000000e+01  1.29472741e-01  1.00000000e+01 -2.08301664e-02 
 1.25892541e+01  1.29472736e-01  1.25892541e+01 -2.62236252e-02 
 1.58489319e+01  1.29472728e-01  1.58489319e+01 -3.30135869e-02 
 1.99526231e+01  1.29472717e-01  1.99526231e+01 -4.15616411e-02 
 2.51188643e+01  1.29472698e-01  2.51188643e+01 -5.23230012e-02 
 3.16227766e+01  1.29472668e-01  3.16227766e+01 -6.58707462e-02 
 3.98107171e+01  1.29472622e-01  3.98107171e+01 -8.29263368e-02 
 5.01187234e+01  1.29472547e-01  5.01187234e+01 -1.04398034e-01 
 6.30957344e+01  1.29472429e-01  6.30957344e+01 -1.31429261e-01 
 7.94328235e+01  1.29472243e-01  7.94328235e+01 -1.65459482e-01 
 1.00000000e+02  1.29471947e-01  1.00000000e+02 -2.08300839e-01 
 1.25892541e+02  1.29471478e-01  1.25892541e+02 -2.62234606e-01 
 1.58489319e+02  1.29470735e-01  1.58489319e+02 -3.30132586e-01 
 1.99526231e+02  1.29469557e-01  1.99526231e+02 -4.15609859e-01 
 2.51188643e+02  1.29467691e-01  2.51188643e+02 -5.23216940e-01 
 3.16227766e+02  1.29464733e-01  3.16227766e+02 -6.58681380e-01 
 3.98107171e+02  1.29460045e-01  3.98107171e+02 -8.29211330e-01 
 5.01187234e+02  1.29452617e-01  5.01187234e+02 -1.04387652e+00 
 6.30957344e+02  1.29440847e-01  6.30957344e+02 -1.31408548e+00 
 7.94328235e+02  1.29422199e-01  7.94328235e+02 -1.65418161e+00 
 1.00000000e+03  1.29392660e-01  1.00000000e+03 -2.08218416e+00 
 1.25892541e+03  1.29345885e-01  1.25892541e+03 -2.62070222e+00 
 1.58489319e+03  1.29271856e-01  1.58489319e+03 -3.29804824e+00 
 1.99526231e+03  1.29154788e-01  1.99526231e+03 -4.14956606e+00 
 2.51188643e+03  1.28969899e-01  2.51188643e+03 -5.21915794e+00 
 3.16227766e+03  1.28678490e-01  3.16227766e+03 -6.56092378e+00 
 3.98107171e+03  1.28220662e-01  3.98107171e+03 -8.24067940e+00 
 5.01187234e+03  1.27504967e-01  5.01187234e+03 -1.03368385e+01 
 6.30957344e+03  1.26394841e-01  6.30957344e+03 -1.29396448e+01 
 7.94328235e+03  1.24693365e-01  7.94328235e+03 -1.61469663e+01 
 1.00000000e+04  1.22132191e-01  1.00000000e+04 -2.00539271e+01 
 1.25892541e+04  1.18378031e-01  1.25892541e+04 -2.47332400e+01 
 1.58489319e+04  1.13078749e-01  1.58489319e+04 -3.02049887e+01 
 1.99526231e+04  1.05968812e-01  1.99526231e+04 -3.64013805e+01 
 2.51188643e+04  9.70204704e-02  2.51188643e+04 -4.31435540e+01 
 3.16227766e+04  8.65625713e-02  3.16227766e+04 -5.01545171e+01 
 3.98107171e+04  7.52583572e-02  3.98107171e+04 -5.71185171e+01 
 5.01187234e+04  6.39167773e-02  5.01187234e+04 -6.37636753e+01 
 6.30957344e+04  5.32507018e-02  6.30957344e+04 -6.99245373e+01 
 7.94328235e+04  4.37257325e-02  7.94328235e+04 -7.55590724e+01 
 1.00000000e+05  3.55433588e-02  1.00000000e+05 -8.07284753e+01 
 1.25892541e+05  2.87072793e-02  1.25892541e+05 -8.55635709e+01 
 1.58489319e+05  2.31070153e-02  1.58489319e+05 -9.02353626e+01 
 1.99526231e+05  1.85834480e-02  1.99526231e+05 -9.49352240e+01 
 2.51188643e+05  1.49691652e-02  2.51188643e+05 -9.98624476e+01 
 3.16227766e+05  1.21089556e-02  3.16227766e+05 -1.05213845e+02 
 3.98107171e+05  9.86778649e-03  3.98107171e+05 -1.11169570e+02 
 5.01187234e+05  8.13181859e-03  5.01187234e+05 -1.17870545e+02 
 6.30957344e+05  6.80590594e-03  6.30957344e+05 -1.25387343e+02 
 7.94328235e+05  5.80962234e-03  7.94328235e+05 -1.33690072e+02 
 1.00000000e+06  5.07323233e-03  1.00000000e+06 -1.42640244e+02 
 1.25892541e+06  4.53470863e-03  1.25892541e+06 -1.52024894e+02 
 1.58489319e+06  4.13835625e-03  1.58489319e+06 -1.61627921e+02 
 1.99526231e+06  3.83472867e-03  1.99526231e+06 -1.71300005e+02 
 2.51188643e+06  3.58106533e-03  2.51188643e+06  1.79015910e+02 
 3.16227766e+06  3.34196344e-03  3.16227766e+06  1.69315648e+02 
 3.98107171e+06  3.09079033e-03  3.98107171e+06  1.59599360e+02 
 5.01187234e+06  2.81215718e-03  5.01187234e+06  1.49934229e+02 
 6.30957344e+06  2.50415743e-03  6.30957344e+06  1.40478014e+02 
 7.94328235e+06  2.17758891e-03  7.94328235e+06  1.31445387e+02 
 1.00000000e+07  1.85071779e-03  1.00000000e+07  1.23034706e+02 
 1.25892541e+07  1.54190282e-03  1.25892541e+07  1.15360375e+02 
 1.58489319e+07  1.26417212e-03  1.58489319e+07  1.08425791e+02 
 1.99526231e+07  1.02366356e-03  1.99526231e+07  1.02137335e+02 
 2.51188643e+07  8.20899639e-04  2.51188643e+07  9.63382844e+01 
 3.16227766e+07  6.52983623e-04  3.16227766e+07  9.08438467e+01 
 3.98107171e+07  5.15505038e-04  3.98107171e+07  8.54701756e+01 
 5.01187234e+07  4.03798608e-04  5.01187234e+07  8.00575249e+01 
 6.30957344e+07  3.13627674e-04  6.30957344e+07  7.44867695e+01 
 7.94328235e+07  2.41446587e-04  7.94328235e+07  6.86812308e+01 
 1.00000000e+08  1.84360655e-04  1.00000000e+08  6.25798024e+01 
 1.25892541e+08  1.39903821e-04  1.25892541e+08  5.60778220e+01 
 1.58489319e+08  1.05810323e-04  1.58489319e+08  4.89642810e+01 
 1.99526231e+08  7.99413351e-05  1.99526231e+08  4.09072736e+01 
 2.51188643e+08  6.03751865e-05  2.51188643e+08  3.15153836e+01 
 3.16227766e+08  4.55335117e-05  3.16227766e+08  2.04533439e+01 
 3.98107171e+08  3.42340490e-05  3.98107171e+08  7.57111998e+00 
 5.01187234e+08  2.56540601e-05  5.01187234e+08 -6.99030199e+00 
 6.30957344e+08  1.92363303e-05  6.30957344e+08 -2.27702808e+01 
 7.94328235e+08  1.45733758e-05  7.94328235e+08 -3.91063188e+01 
 1.00000000e+09  1.13101055e-05  1.00000000e+09 -5.53823993e+01 
 1.25892541e+09  9.10408356e-06  1.25892541e+09 -7.12104395e+01 
 1.58489319e+09  7.64492445e-06  1.58489319e+09 -8.63595787e+01 
 1.99526231e+09  6.68777399e-06  1.99526231e+09 -1.00572914e+02 
 2.51188643e+09  6.06141083e-06  2.51188643e+09 -1.13529830e+02 
 3.16227766e+09  5.65297755e-06  3.16227766e+09 -1.24950042e+02 
 3.98107171e+09  5.38857595e-06  3.98107171e+09 -1.34686693e+02 
 5.01187234e+09  5.21934298e-06  5.01187234e+09 -1.42740166e+02 
 6.30957344e+09  5.11298229e-06  6.30957344e+09 -1.49216885e+02 
 7.94328235e+09  5.04853321e-06  7.94328235e+09 -1.54275539e+02 
 1.00000000e+10  5.01295271e-06  1.00000000e+10 -1.58084729e+02 
