 1.00000000e+00  2.11383559e+00  1.00000000e+00  1.79998861e+02 
 1.25892541e+00  2.11383559e+00  1.25892541e+00  1.79998566e+02 
 1.58489319e+00  2.11383559e+00  1.58489319e+00  1.79998194e+02 
 1.99526231e+00  2.11383559e+00  1.99526231e+00  1.79997727e+02 
 2.51188643e+00  2.11383559e+00  2.51188643e+00  1.79997138e+02 
 3.16227766e+00  2.11383559e+00  3.16227766e+00  1.79996398e+02 
 3.98107171e+00  2.11383559e+00  3.98107171e+00  1.79995465e+02 
 5.01187234e+00  2.11383559e+00  5.01187234e+00  1.79994290e+02 
 6.30957344e+00  2.11383559e+00  6.30957344e+00  1.79992812e+02 
 7.94328235e+00  2.11383558e+00  7.94328235e+00  1.79990951e+02 
 1.00000000e+01  2.11383558e+00  1.00000000e+01  1.79988608e+02 
 1.25892541e+01  2.11383557e+00  1.25892541e+01  1.79985658e+02 
 1.58489319e+01  2.11383556e+00  1.58489319e+01  1.79981945e+02 
 1.99526231e+01  2.11383553e+00  1.99526231e+01  1.79977270e+02 
 2.51188643e+01  2.11383550e+00  2.51188643e+01  1.79971384e+02 
 3.16227766e+01  2.11383544e+00  3.16227766e+01  1.79963975e+02 
 3.98107171e+01  2.11383536e+00  3.98107171e+01  1.79954647e+02 
 5.01187234e+01  2.11383522e+00  5.01187234e+01  1.79942904e+02 
 6.30957344e+01  2.11383500e+00  6.30957344e+01  1.79928121e+02 
 7.94328235e+01  2.11383465e+00  7.94328235e+01  1.79909509e+02 
 1.00000000e+02  2.11383410e+00  1.00000000e+02  1.79886079e+02 
 1.25892541e+02  2.11383323e+00  1.25892541e+02  1.79856582e+02 
 1.58489319e+02  2.11383185e+00  1.58489319e+02  1.79819448e+02 
 1.99526231e+02  2.11382965e+00  1.99526231e+02  1.79772698e+02 
 2.51188643e+02  2.11382618e+00  2.51188643e+02  1.79713844e+02 
 3.16227766e+02  2.11382067e+00  3.16227766e+02  1.79639752e+02 
 3.98107171e+02  2.11381195e+00  3.98107171e+02  1.79546476e+02 
 5.01187234e+02  2.11379812e+00  5.01187234e+02  1.79429049e+02 
 6.30957344e+02  2.11377620e+00  6.30957344e+02  1.79281220e+02 
 7.94328235e+02  2.11374146e+00  7.94328235e+02  1.79095119e+02 
 1.00000000e+03  2.11368641e+00  1.00000000e+03  1.78860842e+02 
 1.25892541e+03  2.11359918e+00  1.25892541e+03  1.78565923e+02 
 1.58489319e+03  2.11346095e+00  1.58489319e+03  1.78194680e+02 
 1.99526231e+03  2.11324195e+00  1.99526231e+03  1.77727389e+02 
 2.51188643e+03  2.11289505e+00  2.51188643e+03  1.77139256e+02 
 3.16227766e+03  2.11234574e+00  3.16227766e+03  1.76399141e+02 
 3.98107171e+03  2.11147636e+00  3.98107171e+03  1.75467992e+02 
 5.01187234e+03  2.11010152e+00  5.01187234e+03  1.74296939e+02 
 6.30957344e+03  2.10793017e+00  6.30957344e+03  1.72825049e+02 
 7.94328235e+03  2.10450777e+00  7.94328235e+03  1.70976768e+02 
 1.00000000e+04  2.09913077e+00  1.00000000e+04  1.68659257e+02 
 1.25892541e+04  2.09072504e+00  1.25892541e+04  1.65760073e+02 
 1.58489319e+04  2.07768665e+00  1.58489319e+04  1.62146172e+02 
 1.99526231e+04  2.05770420e+00  1.99526231e+04  1.57666040e+02 
 2.51188643e+04  2.02763363e+00  2.51188643e+04  1.52157935e+02 
 3.16227766e+04  1.98359283e+00  3.16227766e+04  1.45468185e+02 
 3.98107171e+04  1.92155759e+00  3.98107171e+04  1.37482846e+02 
 5.01187234e+04  1.83873172e+00  5.01187234e+04  1.28171087e+02 
 6.30957344e+04  1.73555279e+00  6.30957344e+04  1.17628394e+02 
 7.94328235e+04  1.61731089e+00  7.94328235e+04  1.06098114e+02 
 1.00000000e+05  1.49380087e+00  1.00000000e+05  9.39550029e+01 
 1.25892541e+05  1.37645514e+00  1.25892541e+05  8.16561552e+01 
 1.58489319e+05  1.27453783e+00  1.58489319e+05  6.96790628e+01 
 1.99526231e+05  1.19277611e+00  1.99526231e+05  5.84582961e+01 
 2.51188643e+05  1.13137725e+00  2.51188643e+05  4.83260505e+01 
 3.16227766e+05  1.08760568e+00  3.16227766e+05  3.94726140e+01 
 3.98107171e+05  1.05759022e+00  3.98107171e+05  3.19440676e+01 
 5.01187234e+05  1.03757143e+00  5.01187234e+05  2.56740857e+01 
 6.30957344e+05  1.02447264e+00  6.30957344e+05  2.05292929e+01 
 7.94328235e+05  1.01601027e+00  7.94328235e+05  1.63491839e+01 
 1.00000000e+06  1.01058788e+00  1.00000000e+06  1.29727907e+01 
 1.25892541e+06  1.00713039e+00  1.25892541e+06  1.02528641e+01 
 1.58489319e+06  1.00493044e+00  1.58489319e+06  8.06143622e+00 
 1.99526231e+06  1.00352892e+00  1.99526231e+06  6.29045062e+00 
 2.51188643e+06  1.00262966e+00  2.51188643e+06  4.84999099e+00 
 3.16227766e+06  1.00204109e+00  3.16227766e+06  3.66557434e+00 
 3.98107171e+06  1.00163719e+00  3.98107171e+06  2.67525766e+00 
 5.01187234e+06  1.00133119e+00  5.01187234e+06  1.82689059e+00 
 6.30957344e+06  1.00105726e+00  6.30957344e+06  1.07562662e+00 
 7.94328235e+06  1.00075642e+00  7.94328235e+06  3.81698686e-01 
 1.00000000e+07  1.00036401e+00  1.00000000e+07 -2.91579772e-01 
 1.25892541e+07  9.99795949e-01  1.25892541e+07 -9.79636285e-01 
 1.58489319e+07  9.98931184e-01  1.58489319e+07 -1.71831595e+00 
 1.99526231e+07  9.97586925e-01  1.99526231e+07 -2.54540089e+00 
 2.51188643e+07  9.95482677e-01  2.51188643e+07 -3.50186909e+00 
 3.16227766e+07  9.92188242e-01  3.16227766e+07 -4.63261395e+00 
 3.98107171e+07  9.87051724e-01  3.98107171e+07 -5.98602578e+00 
 5.01187234e+07  9.79108734e-01  5.01187234e+07 -7.61129601e+00 
 6.30957344e+07  9.66989791e-01  6.30957344e+07 -9.55152267e+00 
 7.94328235e+07  9.48878326e-01  7.94328235e+07 -1.18299283e+01 
 1.00000000e+08  9.22629744e-01  1.00000000e+08 -1.44267504e+01 
 1.25892541e+08  8.86211398e-01  1.25892541e+08 -1.72478244e+01 
 1.58489319e+08  8.38559257e-01  1.58489319e+08 -2.00949963e+01 
 1.99526231e+08  7.80633626e-01  1.99526231e+08 -2.26612921e+01 
 2.51188643e+08  7.15993884e-01  2.51188643e+08 -2.45773359e+01 
 3.16227766e+08  6.50174286e-01  3.16227766e+08 -2.55125846e+01 
 3.98107171e+08  5.88960358e-01  3.98107171e+08 -2.52920151e+01 
 5.01187234e+08  5.36609776e-01  5.01187234e+08 -2.39650393e+01 
 6.30957344e+08  4.95012439e-01  6.30957344e+08 -2.17860431e+01 
 7.94328235e+08  4.63931323e-01  7.94328235e+08 -1.91184815e+01 
 1.00000000e+09  4.41821664e-01  1.00000000e+09 -1.63179045e+01 
 1.25892541e+09  4.26671410e-01  1.25892541e+09 -1.36516358e+01 
 1.58489319e+09  4.16567285e-01  1.58489319e+09 -1.12762378e+01 
 1.99526231e+09  4.09952486e-01  1.99526231e+09 -9.25621177e+00 
 2.51188643e+09  4.05672493e-01  2.51188643e+09 -7.59659738e+00 
 3.16227766e+09  4.02919073e-01  3.16227766e+09 -6.27175735e+00 
 3.98107171e+09  4.01145709e-01  3.98107171e+09 -5.24478291e+00 
 5.01187234e+09  3.99989122e-01  5.01187234e+09 -4.47855129e+00 
 6.30957344e+09  3.99207590e-01  6.30957344e+09 -3.94122091e+00 
 7.94328235e+09  3.98635723e-01  7.94328235e+09 -3.60857323e+00 
 1.00000000e+10  3.98151711e-01  1.00000000e+10 -3.46477313e+00 
