 1.00000000e+00  4.53038424e-02  1.00000000e+00  1.79999799e+02 
 1.25892541e+00  4.53038424e-02  1.25892541e+00  1.79999747e+02 
 1.58489319e+00  4.53038423e-02  1.58489319e+00  1.79999681e+02 
 1.99526231e+00  4.53038424e-02  1.99526231e+00  1.79999599e+02 
 2.51188643e+00  4.53038421e-02  2.51188643e+00  1.79999495e+02 
 3.16227766e+00  4.53038423e-02  3.16227766e+00  1.79999364e+02 
 3.98107171e+00  4.53038423e-02  3.98107171e+00  1.79999199e+02 
 5.01187234e+00  4.53038423e-02  5.01187234e+00  1.79998992e+02 
 6.30957344e+00  4.53038424e-02  6.30957344e+00  1.79998730e+02 
 7.94328235e+00  4.53038421e-02  7.94328235e+00  1.79998402e+02 
 1.00000000e+01  4.53038420e-02  1.00000000e+01  1.79997988e+02 
 1.25892541e+01  4.53038423e-02  1.25892541e+01  1.79997467e+02 
 1.58489319e+01  4.53038423e-02  1.58489319e+01  1.79996811e+02 
 1.99526231e+01  4.53038424e-02  1.99526231e+01  1.79995985e+02 
 2.51188643e+01  4.53038425e-02  2.51188643e+01  1.79994946e+02 
 3.16227766e+01  4.53038426e-02  3.16227766e+01  1.79993637e+02 
 3.98107171e+01  4.53038428e-02  3.98107171e+01  1.79991990e+02 
 5.01187234e+01  4.53038428e-02  5.01187234e+01  1.79989915e+02 
 6.30957344e+01  4.53038430e-02  6.30957344e+01  1.79987304e+02 
 7.94328235e+01  4.53038434e-02  7.94328235e+01  1.79984017e+02 
 1.00000000e+02  4.53038442e-02  1.00000000e+02  1.79979879e+02 
 1.25892541e+02  4.53038451e-02  1.25892541e+02  1.79974669e+02 
 1.58489319e+02  4.53038468e-02  1.58489319e+02  1.79968110e+02 
 1.99526231e+02  4.53038497e-02  1.99526231e+02  1.79959853e+02 
 2.51188643e+02  4.53038538e-02  2.51188643e+02  1.79949457e+02 
 3.16227766e+02  4.53038608e-02  3.16227766e+02  1.79936371e+02 
 3.98107171e+02  4.53038712e-02  3.98107171e+02  1.79919895e+02 
 5.01187234e+02  4.53038879e-02  5.01187234e+02  1.79899154e+02 
 6.30957344e+02  4.53039148e-02  6.30957344e+02  1.79873043e+02 
 7.94328235e+02  4.53039570e-02  7.94328235e+02  1.79840171e+02 
 1.00000000e+03  4.53040243e-02  1.00000000e+03  1.79798787e+02 
 1.25892541e+03  4.53041308e-02  1.25892541e+03  1.79746687e+02 
 1.58489319e+03  4.53042992e-02  1.58489319e+03  1.79681099e+02 
 1.99526231e+03  4.53045666e-02  1.99526231e+03  1.79598527e+02 
 2.51188643e+03  4.53049903e-02  2.51188643e+03  1.79494576e+02 
 3.16227766e+03  4.53056617e-02  3.16227766e+03  1.79363710e+02 
 3.98107171e+03  4.53067257e-02  3.98107171e+03  1.79198961e+02 
 5.01187234e+03  4.53084123e-02  5.01187234e+03  1.78991556e+02 
 6.30957344e+03  4.53110850e-02  6.30957344e+03  1.78730454e+02 
 7.94328235e+03  4.53153211e-02  7.94328235e+03  1.78401755e+02 
 1.00000000e+04  4.53220350e-02  1.00000000e+04  1.77987965e+02 
 1.25892541e+04  4.53326756e-02  1.25892541e+04  1.77467072e+02 
 1.58489319e+04  4.53495398e-02  1.58489319e+04  1.76811379e+02 
 1.99526231e+04  4.53762672e-02  1.99526231e+04  1.75986056e+02 
 2.51188643e+04  4.54186276e-02  2.51188643e+04  1.74947325e+02 
 3.16227766e+04  4.54857628e-02  3.16227766e+04  1.73640210e+02 
 3.98107171e+04  4.55921624e-02  3.98107171e+04  1.71995778e+02 
 5.01187234e+04  4.57607887e-02  5.01187234e+04  1.69927769e+02 
 6.30957344e+04  4.60280264e-02  6.30957344e+04  1.67328573e+02 
 7.94328235e+04  4.64515255e-02  7.94328235e+04  1.64064506e+02 
 1.00000000e+05  4.71226037e-02  1.00000000e+05  1.59970264e+02 
 1.25892541e+05  4.81858167e-02  1.25892541e+05  1.54842051e+02 
 1.58489319e+05  4.98695942e-02  1.58489319e+05  1.48427110e+02 
 1.99526231e+05  5.25328629e-02  1.99526231e+05  1.40401781e+02 
 2.51188643e+05  5.67284526e-02  2.51188643e+05  1.30315168e+02 
 3.16227766e+05  6.32445315e-02  3.16227766e+05  1.17444133e+02 
 3.98107171e+05  7.28447230e-02  3.98107171e+05  1.00484814e+02 
 5.01187234e+05  8.43717650e-02  5.01187234e+05  7.73243136e+01 
 6.30957344e+05  8.94266186e-02  6.30957344e+05  4.71253232e+01 
 7.94328235e+05  7.81944551e-02  7.94328235e+05  1.63180090e+01 
 1.00000000e+06  5.98199094e-02  1.00000000e+06 -6.62142417e+00 
 1.25892541e+06  4.47231896e-02  1.25892541e+06 -2.10935352e+01 
 1.58489319e+06  3.41584850e-02  1.58489319e+06 -2.95910804e+01 
 1.99526231e+06  2.68820833e-02  1.99526231e+06 -3.39873721e+01 
 2.51188643e+06  2.18077221e-02  2.51188643e+06 -3.54184399e+01 
 3.16227766e+06  1.82372759e-02  3.16227766e+06 -3.46611935e+01 
 3.98107171e+06  1.57275593e-02  3.98107171e+06 -3.23639073e+01 
 5.01187234e+06  1.39798246e-02  5.01187234e+06 -2.91296633e+01 
 6.30957344e+06  1.27783382e-02  6.30957344e+06 -2.55024686e+01 
 7.94328235e+06  1.19606668e-02  7.94328235e+06 -2.19147734e+01 
 1.00000000e+07  1.14038004e-02  1.00000000e+07 -1.86512344e+01 
 1.25892541e+07  1.10163082e-02  1.25892541e+07 -1.58511283e+01 
 1.58489319e+07  1.07323878e-02  1.58489319e+07 -1.35379010e+01 
 1.99526231e+07  1.05071797e-02  1.99526231e+07 -1.16558091e+01 
 2.51188643e+07  1.03135345e-02  2.51188643e+07 -1.01045992e+01 
 3.16227766e+07  1.01393690e-02  3.16227766e+07 -8.77366141e+00 
 3.98107171e+07  9.98373163e-03  3.98107171e+07 -7.57486712e+00 
 5.01187234e+07  9.85086622e-03  5.01187234e+07 -6.46314507e+00 
 6.30957344e+07  9.74434739e-03  6.30957344e+07 -5.43407927e+00 
 7.94328235e+07  9.66410345e-03  7.94328235e+07 -4.50390799e+00 
 1.00000000e+08  9.60672927e-03  1.00000000e+08 -3.68893483e+00 
 1.25892541e+08  9.56728843e-03  1.25892541e+08 -2.99533463e+00 
 1.58489319e+08  9.54089468e-03  1.58489319e+08 -2.41864546e+00 
 1.99526231e+08  9.52350491e-03  1.99526231e+08 -1.94749580e+00 
 2.51188643e+08  9.51209289e-03  2.51188643e+08 -1.56754711e+00 
 3.16227766e+08  9.50452186e-03  3.16227766e+08 -1.26417868e+00 
 3.98107171e+08  9.49933581e-03  3.98107171e+08 -1.02388816e+00 
 5.01187234e+08  9.49557371e-03  5.01187234e+08 -8.34832565e-01 
 6.30957344e+08  9.49263834e-03  6.30957344e+08 -6.86951437e-01 
 7.94328235e+08  9.49020912e-03  7.94328235e+08 -5.71998737e-01 
 1.00000000e+09  9.48816585e-03  1.00000000e+09 -4.83615854e-01 
 1.25892541e+09  9.48649725e-03  1.25892541e+09 -4.17342094e-01 
 1.58489319e+09  9.48520842e-03  1.58489319e+09 -3.70383063e-01 
 1.99526231e+09  9.48426671e-03  1.99526231e+09 -3.41168723e-01 
 2.51188643e+09  9.48360002e-03  2.51188643e+09 -3.28952221e-01 
 3.16227766e+09  9.48312084e-03  3.16227766e+09 -3.33631164e-01 
 3.98107171e+09  9.48274551e-03  3.98107171e+09 -3.55766918e-01 
 5.01187234e+09  9.48239867e-03  5.01187234e+09 -3.96695786e-01 
 6.30957344e+09  9.48200669e-03  6.30957344e+09 -4.58668533e-01 
 7.94328235e+09  9.48148513e-03  7.94328235e+09 -5.45009420e-01 
 1.00000000e+10  9.48072152e-03  1.00000000e+10 -6.60308804e-01 
