 1.00000000e+00  3.88492555e-02  1.00000000e+00  1.21145892e-04 
 1.25892541e+00  3.88492555e-02  1.25892541e+00  1.52513642e-04 
 1.58489319e+00  3.88492555e-02  1.58489319e+00  1.92003299e-04 
 1.99526231e+00  3.88492555e-02  1.99526231e+00  2.41717833e-04 
 2.51188643e+00  3.88492555e-02  2.51188643e+00  3.04304722e-04 
 3.16227766e+00  3.88492555e-02  3.16227766e+00  3.83096948e-04 
 3.98107171e+00  3.88492555e-02  3.98107171e+00  4.82290483e-04 
 5.01187234e+00  3.88492555e-02  5.01187234e+00  6.07167744e-04 
 6.30957344e+00  3.88492553e-02  6.30957344e+00  7.64378907e-04 
 7.94328235e+00  3.88492553e-02  7.94328235e+00  9.62296030e-04 
 1.00000000e+01  3.88492553e-02  1.00000000e+01  1.21145893e-03 
 1.25892541e+01  3.88492553e-02  1.25892541e+01  1.52513643e-03 
 1.58489319e+01  3.88492554e-02  1.58489319e+01  1.92003300e-03 
 1.99526231e+01  3.88492554e-02  1.99526231e+01  2.41717834e-03 
 2.51188643e+01  3.88492555e-02  2.51188643e+01  3.04304723e-03 
 3.16227766e+01  3.88492556e-02  3.16227766e+01  3.83096947e-03 
 3.98107171e+01  3.88492557e-02  3.98107171e+01  4.82290481e-03 
 5.01187234e+01  3.88492557e-02  5.01187234e+01  6.07167742e-03 
 6.30957344e+01  3.88492557e-02  6.30957344e+01  7.64378900e-03 
 7.94328235e+01  3.88492560e-02  7.94328235e+01  9.62296018e-03 
 1.00000000e+02  3.88492565e-02  1.00000000e+02  1.21145890e-02 
 1.25892541e+02  3.88492571e-02  1.25892541e+02  1.52513638e-02 
 1.58489319e+02  3.88492577e-02  1.58489319e+02  1.92003292e-02 
 1.99526231e+02  3.88492592e-02  1.99526231e+02  2.41717817e-02 
 2.51188643e+02  3.88492613e-02  2.51188643e+02  3.04304691e-02 
 3.16227766e+02  3.88492650e-02  3.16227766e+02  3.83096883e-02 
 3.98107171e+02  3.88492707e-02  3.98107171e+02  4.82290350e-02 
 5.01187234e+02  3.88492793e-02  5.01187234e+02  6.07167486e-02 
 6.30957344e+02  3.88492933e-02  6.30957344e+02  7.64378385e-02 
 7.94328235e+02  3.88493156e-02  7.94328235e+02  9.62294986e-02 
 1.00000000e+03  3.88493509e-02  1.00000000e+03  1.21145684e-01 
 1.25892541e+03  3.88494065e-02  1.25892541e+03  1.52513228e-01 
 1.58489319e+03  3.88494950e-02  1.58489319e+03  1.92002473e-01 
 1.99526231e+03  3.88496352e-02  1.99526231e+03  2.41716183e-01 
 2.51188643e+03  3.88498575e-02  2.51188643e+03  3.04301429e-01 
 3.16227766e+03  3.88502097e-02  3.16227766e+03  3.83090376e-01 
 3.98107171e+03  3.88507679e-02  3.98107171e+03  4.82277368e-01 
 5.01187234e+03  3.88516525e-02  5.01187234e+03  6.07141580e-01 
 6.30957344e+03  3.88530544e-02  6.30957344e+03  7.64326699e-01 
 7.94328235e+03  3.88552761e-02  7.94328235e+03  9.62191874e-01 
 1.00000000e+04  3.88587971e-02  1.00000000e+04  1.21125113e+00 
 1.25892541e+04  3.88643768e-02  1.25892541e+04  1.52472190e+00 
 1.58489319e+04  3.88732186e-02  1.58489319e+04  1.91920615e+00 
 1.99526231e+04  3.88872278e-02  1.99526231e+04  2.41552925e+00 
 2.51188643e+04  3.89094206e-02  2.51188643e+04  3.03975911e+00 
 3.16227766e+04  3.89445675e-02  3.16227766e+04  3.82441597e+00 
 3.98107171e+04  3.90002069e-02  3.98107171e+04  4.80985126e+00 
 5.01187234e+04  3.90882278e-02  5.01187234e+04  6.04570258e+00 
 6.30957344e+04  3.92273275e-02  6.30957344e+04  7.59218330e+00 
 7.94328235e+04  3.94467825e-02  7.94328235e+04  9.52068291e+00 
 1.00000000e+05  3.97921210e-02  1.00000000e+05  1.19126554e+01 
 1.25892541e+05  4.03333987e-02  1.25892541e+05  1.48549976e+01 
 1.58489319e+05  4.11767193e-02  1.58489319e+05  1.84291749e+01 
 1.99526231e+05  4.24790738e-02  1.99526231e+05  2.26909250e+01 
 2.51188643e+05  4.44652459e-02  2.51188643e+05  2.76392089e+01 
 3.16227766e+05  4.74434450e-02  3.16227766e+05  3.31797798e+01 
 3.98107171e+05  5.18148997e-02  3.98107171e+05  3.91002720e+01 
 5.01187234e+05  5.80747921e-02  5.01187234e+05  4.50808070e+01 
 6.30957344e+05  6.68090146e-02  6.30957344e+05  5.07505750e+01 
 7.94328235e+05  7.86986930e-02  7.94328235e+05  5.57674028e+01 
 1.00000000e+06  9.45444160e-02  1.00000000e+06  5.98767660e+01 
 1.25892541e+06  1.15314624e-01  1.25892541e+06  6.29241259e+01 
 1.58489319e+06  1.42216364e-01  1.58489319e+06  6.48281548e+01 
 1.99526231e+06  1.76787377e-01  1.99526231e+06  6.55378207e+01 
 2.51188643e+06  2.21013035e-01  2.51188643e+06  6.49895434e+01 
 3.16227766e+06  2.77470808e-01  3.16227766e+06  6.30675050e+01 
 3.98107171e+06  3.49476451e-01  3.98107171e+06  5.95602808e+01 
 5.01187234e+06  4.41069402e-01  5.01187234e+06  5.41010527e+01 
 6.30957344e+06  5.56136517e-01  6.30957344e+06  4.60790145e+01 
 7.94328235e+06  6.94154343e-01  7.94328235e+06  3.45463863e+01 
 1.00000000e+07  8.36202915e-01  1.00000000e+07  1.83518666e+01 
 1.25892541e+07  9.22090706e-01  1.25892541e+07 -2.73183576e+00 
 1.58489319e+07  8.79409028e-01  1.58489319e+07 -2.58359871e+01 
 1.99526231e+07  7.29824821e-01  1.99526231e+07 -4.61021622e+01 
 2.51188643e+07  5.59599812e-01  2.51188643e+07 -6.11831433e+01 
 3.16227766e+07  4.16518779e-01  3.16227766e+07 -7.14740758e+01 
 3.98107171e+07  3.08570940e-01  3.98107171e+07 -7.80639647e+01 
 5.01187234e+07  2.30160459e-01  5.01187234e+07 -8.19252079e+01 
 6.30957344e+07  1.73699864e-01  6.30957344e+07 -8.38333954e+01 
 7.94328235e+07  1.32783481e-01  7.94328235e+07 -8.43817444e+01 
 1.00000000e+08  1.02707663e-01  1.00000000e+08 -8.39841505e+01 
 1.25892541e+08  8.02338607e-02  1.25892541e+08 -8.28905359e+01 
 1.58489319e+08  6.31909963e-02  1.58489319e+08 -8.12199779e+01 
 1.99526231e+08  5.01237231e-02  1.99526231e+08 -7.89991709e+01 
 2.51188643e+08  4.00388688e-02  2.51188643e+08 -7.61966001e+01 
 3.16227766e+08  3.22399434e-02  3.16227766e+08 -7.27515004e+01 
 3.98107171e+08  2.62236304e-02  3.98107171e+08 -6.86019250e+01 
 5.01187234e+08  2.16151274e-02  5.01187234e+08 -6.37165654e+01 
 6.30957344e+08  1.81266164e-02  6.30957344e+08 -5.81304330e+01 
 7.94328235e+08  1.55296773e-02  7.94328235e+08 -5.19756463e+01 
 1.00000000e+09  1.36369288e-02  1.00000000e+09 -4.54897603e+01 
 1.25892541e+09  1.22906765e-02  1.25892541e+09 -3.89853573e+01 
 1.58489319e+09  1.13572623e-02  1.58489319e+09 -3.27837120e+01 
 1.99526231e+09  1.07254719e-02  1.99526231e+09 -2.71420796e+01 
 2.51188643e+09  1.03064900e-02  2.51188643e+09 -2.22111462e+01 
 3.16227766e+09  1.00329887e-02  3.16227766e+09 -1.80358045e+01 
 3.98107171e+09  9.85644639e-03  3.98107171e+09 -1.45842163e+01 
 5.01187234e+09  9.74331485e-03  5.01187234e+09 -1.17825582e+01 
 6.30957344e+09  9.67108813e-03  6.30957344e+09 -9.54207219e+00 
 7.94328235e+09  9.62496312e-03  7.94328235e+09 -7.77557312e+00 
 1.00000000e+10  9.59530353e-03  1.00000000e+10 -6.40569040e+00 
