 1.00000000e+00  8.52335175e-02  1.00000000e+00  1.78324798e-05 
 1.25892541e+00  8.52335175e-02  1.25892541e+00  2.24497619e-05 
 1.58489319e+00  8.52335175e-02  1.58489319e+00  2.82625758e-05 
 1.99526231e+00  8.52335175e-02  1.99526231e+00  3.55804749e-05 
 2.51188643e+00  8.52335175e-02  2.51188643e+00  4.47931640e-05 
 3.16227766e+00  8.52335175e-02  3.16227766e+00  5.63912524e-05 
 3.98107171e+00  8.52335175e-02  3.98107171e+00  7.09923807e-05 
 5.01187234e+00  8.52335175e-02  5.01187234e+00  8.93741121e-05 
 6.30957344e+00  8.52335175e-02  6.30957344e+00  1.12515341e-04 
 7.94328235e+00  8.52335175e-02  7.94328235e+00  1.41648422e-04 
 1.00000000e+01  8.52335175e-02  1.00000000e+01  1.78324798e-04 
 1.25892541e+01  8.52335174e-02  1.25892541e+01  2.24497620e-04 
 1.58489319e+01  8.52335174e-02  1.58489319e+01  2.82625758e-04 
 1.99526231e+01  8.52335175e-02  1.99526231e+01  3.55804749e-04 
 2.51188643e+01  8.52335174e-02  2.51188643e+01  4.47931641e-04 
 3.16227766e+01  8.52335174e-02  3.16227766e+01  5.63912525e-04 
 3.98107171e+01  8.52335174e-02  3.98107171e+01  7.09923808e-04 
 5.01187234e+01  8.52335174e-02  5.01187234e+01  8.93741122e-04 
 6.30957344e+01  8.52335174e-02  6.30957344e+01  1.12515341e-03 
 7.94328235e+01  8.52335174e-02  7.94328235e+01  1.41648422e-03 
 1.00000000e+02  8.52335175e-02  1.00000000e+02  1.78324798e-03 
 1.25892541e+02  8.52335174e-02  1.25892541e+02  2.24497620e-03 
 1.58489319e+02  8.52335175e-02  1.58489319e+02  2.82625758e-03 
 1.99526231e+02  8.52335177e-02  1.99526231e+02  3.55804748e-03 
 2.51188643e+02  8.52335177e-02  2.51188643e+02  4.47931639e-03 
 3.16227766e+02  8.52335179e-02  3.16227766e+02  5.63912523e-03 
 3.98107171e+02  8.52335184e-02  3.98107171e+02  7.09923801e-03 
 5.01187234e+02  8.52335190e-02  5.01187234e+02  8.93741110e-03 
 6.30957344e+02  8.52335197e-02  6.30957344e+02  1.12515339e-02 
 7.94328235e+02  8.52335211e-02  7.94328235e+02  1.41648417e-02 
 1.00000000e+03  8.52335231e-02  1.00000000e+03  1.78324789e-02 
 1.25892541e+03  8.52335266e-02  1.25892541e+03  2.24497602e-02 
 1.58489319e+03  8.52335321e-02  1.58489319e+03  2.82625723e-02 
 1.99526231e+03  8.52335404e-02  1.99526231e+03  3.55804679e-02 
 2.51188643e+03  8.52335539e-02  2.51188643e+03  4.47931500e-02 
 3.16227766e+03  8.52335755e-02  3.16227766e+03  5.63912243e-02 
 3.98107171e+03  8.52336095e-02  3.98107171e+03  7.09923244e-02 
 5.01187234e+03  8.52336635e-02  5.01187234e+03  8.93739996e-02 
 6.30957344e+03  8.52337486e-02  6.30957344e+03  1.12515117e-01 
 7.94328235e+03  8.52338839e-02  7.94328235e+03  1.41647975e-01 
 1.00000000e+04  8.52340984e-02  1.00000000e+04  1.78323905e-01 
 1.25892541e+04  8.52344383e-02  1.25892541e+04  2.24495838e-01 
 1.58489319e+04  8.52349771e-02  1.58489319e+04  2.82622203e-01 
 1.99526231e+04  8.52358310e-02  1.99526231e+04  3.55797654e-01 
 2.51188643e+04  8.52371842e-02  2.51188643e+04  4.47917484e-01 
 3.16227766e+04  8.52393288e-02  3.16227766e+04  5.63884279e-01 
 3.98107171e+04  8.52427280e-02  3.98107171e+04  7.09867450e-01 
 5.01187234e+04  8.52481146e-02  5.01187234e+04  8.93628685e-01 
 6.30957344e+04  8.52566517e-02  6.30957344e+04  1.12492909e+00 
 7.94328235e+04  8.52701801e-02  7.94328235e+04  1.41603673e+00 
 1.00000000e+05  8.52916184e-02  1.00000000e+05  1.78235536e+00 
 1.25892541e+05  8.53255869e-02  1.25892541e+05  2.24319599e+00 
 1.58489319e+05  8.53794019e-02  1.58489319e+05  2.82270810e+00 
 1.99526231e+05  8.54646386e-02  1.99526231e+05  3.55097324e+00 
 2.51188643e+05  8.55995943e-02  2.51188643e+05  4.46522629e+00 
 3.16227766e+05  8.58131450e-02  3.16227766e+05  5.61109010e+00 
 3.98107171e+05  8.61507568e-02  3.98107171e+05  7.04354594e+00 
 5.01187234e+05  8.66837414e-02  5.01187234e+05  8.82705627e+00 
 6.30957344e+05  8.75233112e-02  6.30957344e+05  1.10337164e+01 
 7.94328235e+05  8.88413938e-02  7.94328235e+05  1.37374866e+01 
 1.00000000e+06  9.09003950e-02  1.00000000e+06  1.70015674e+01 
 1.25892541e+06  9.40936873e-02  1.25892541e+06  2.08555691e+01 
 1.58489319e+06  9.89974360e-02  1.58489319e+06  2.52611066e+01 
 1.99526231e+06  1.06433929e-01  1.99526231e+06  3.00712839e+01 
 2.51188643e+06  1.17552666e-01  2.51188643e+06  3.50003203e+01 
 3.16227766e+06  1.33959984e-01  3.16227766e+06  3.96234042e+01 
 3.98107171e+06  1.57986251e-01  3.98107171e+06  4.34060788e+01 
 5.01187234e+06  1.93291856e-01  5.01187234e+06  4.57159196e+01 
 6.30957344e+06  2.46222770e-01  6.30957344e+06  4.57163509e+01 
 7.94328235e+06  3.28542335e-01  7.94328235e+06  4.19578626e+01 
 1.00000000e+07  4.59257432e-01  1.00000000e+07  3.12616445e+01 
 1.25892541e+07  6.25045125e-01  1.25892541e+07  7.33852443e+00 
 1.58489319e+07  6.28251520e-01  1.58489319e+07 -2.83188708e+01 
 1.99526231e+07  4.56945639e-01  1.99526231e+07 -5.44084134e+01 
 2.51188643e+07  3.18029132e-01  2.51188643e+07 -6.79434010e+01 
 3.16227766e+07  2.29413160e-01  3.16227766e+07 -7.53165877e+01 
 3.98107171e+07  1.70921642e-01  3.98107171e+07 -7.98367044e+01 
 5.01187234e+07  1.30012628e-01  5.01187234e+07 -8.28849417e+01 
 6.30957344e+07  1.00078589e-01  6.30957344e+07 -8.50627859e+01 
 7.94328235e+07  7.74963988e-02  7.94328235e+07 -8.66300128e+01 
 1.00000000e+08  6.01441506e-02  1.00000000e+08 -8.76708547e+01 
 1.25892541e+08  4.66967906e-02  1.25892541e+08 -8.81709971e+01 
 1.58489319e+08  3.62685676e-02  1.58489319e+08 -8.80737430e+01 
 1.99526231e+08  2.82157220e-02  1.99526231e+08 -8.73314703e+01 
 2.51188643e+08  2.20300119e-02  2.51188643e+08 -8.59368866e+01 
 3.16227766e+08  1.72935479e-02  3.16227766e+08 -8.39176622e+01 
 3.98107171e+08  1.36670821e-02  3.98107171e+08 -8.13055047e+01 
 5.01187234e+08  1.08856824e-02  5.01187234e+08 -7.81088330e+01 
 6.30957344e+08  8.74953924e-03  6.30957344e+08 -7.43072124e+01 
 7.94328235e+08  7.11048524e-03  7.94328235e+08 -6.98666559e+01 
 1.00000000e+09  5.85852953e-03  1.00000000e+09 -6.47674230e+01 
 1.25892541e+09  4.91092524e-03  1.25892541e+09 -5.90377525e+01 
 1.58489319e+09  4.20399186e-03  1.58489319e+09 -5.27872968e+01 
 1.99526231e+09  3.68702467e-03  1.99526231e+09 -4.62259074e+01 
 2.51188643e+09  3.31801365e-03  2.51188643e+09 -3.96456709e+01 
 3.16227766e+09  3.06132777e-03  3.16227766e+09 -3.33595409e+01 
 3.98107171e+09  2.88708428e-03  3.98107171e+09 -2.76253933e+01 
 5.01187234e+09  2.77123700e-03  5.01187234e+09 -2.25981223e+01 
 6.30957344e+09  2.69545130e-03  6.30957344e+09 -1.83267571e+01 
 7.94328235e+09  2.64644953e-03  7.94328235e+09 -1.47818466e+01 
 1.00000000e+10  2.61501130e-03  1.00000000e+10 -1.18898510e+01 
