 1.00000000e+00  5.04877960e-01  1.00000000e+00  1.79823814e-03 
 1.25892541e+00  5.04877961e-01  1.25892541e+00  2.26384769e-03 
 1.58489319e+00  5.04877962e-01  1.58489319e+00  2.85001538e-03 
 1.99526231e+00  5.04877963e-01  1.99526231e+00  3.58795677e-03 
 2.51188643e+00  5.04877964e-01  2.51188643e+00  4.51696993e-03 
 3.16227766e+00  5.04877967e-01  3.16227766e+00  5.68652819e-03 
 3.98107171e+00  5.04877972e-01  3.98107171e+00  7.15891474e-03 
 5.01187234e+00  5.04877978e-01  5.01187234e+00  9.01253950e-03 
 6.30957344e+00  5.04877989e-01  6.30957344e+00  1.13461146e-02 
 7.94328235e+00  5.04878007e-01  7.94328235e+00  1.42839113e-02 
 1.00000000e+01  5.04878034e-01  1.00000000e+01  1.79823774e-02 
 1.25892541e+01  5.04878078e-01  1.25892541e+01  2.26384688e-02 
 1.58489319e+01  5.04878147e-01  1.58489319e+01  2.85001377e-02 
 1.99526231e+01  5.04878256e-01  1.99526231e+01  3.58795355e-02 
 2.51188643e+01  5.04878429e-01  2.51188643e+01  4.51696351e-02 
 3.16227766e+01  5.04878703e-01  3.16227766e+01  5.68651536e-02 
 3.98107171e+01  5.04879138e-01  3.98107171e+01  7.15888916e-02 
 5.01187234e+01  5.04879827e-01  5.01187234e+01  9.01248845e-02 
 6.30957344e+01  5.04880920e-01  6.30957344e+01  1.13460128e-01 
 7.94328235e+01  5.04882651e-01  7.94328235e+01  1.42837080e-01 
 1.00000000e+02  5.04885395e-01  1.00000000e+02  1.79819719e-01 
 1.25892541e+02  5.04889744e-01  1.25892541e+02  2.26376597e-01 
 1.58489319e+02  5.04896636e-01  1.58489319e+02  2.84985234e-01 
 1.99526231e+02  5.04907559e-01  1.99526231e+02  3.58763147e-01 
 2.51188643e+02  5.04924870e-01  2.51188643e+02  4.51632091e-01 
 3.16227766e+02  5.04952302e-01  3.16227766e+02  5.68523333e-01 
 3.98107171e+02  5.04995773e-01  3.98107171e+02  7.15633156e-01 
 5.01187234e+02  5.05064652e-01  5.01187234e+02  9.00738661e-01 
 6.30957344e+02  5.05173774e-01  6.30957344e+02  1.13358372e+00 
 7.94328235e+02  5.05346608e-01  7.94328235e+02  1.42634174e+00 
 1.00000000e+03  5.05620253e-01  1.00000000e+03  1.79415256e+00 
 1.25892541e+03  5.06053250e-01  1.25892541e+03  2.25570818e+00 
 1.58489319e+03  5.06737751e-01  1.58489319e+03  2.83381365e+00 
 1.99526231e+03  5.07818235e-01  1.99526231e+03  3.55575168e+00 
 2.51188643e+03  5.09519795e-01  2.51188643e+03  4.45309279e+00 
 3.16227766e+03  5.12189629e-01  3.16227766e+03  5.56025974e+00 
 3.98107171e+03  5.16354871e-01  3.98107171e+03  6.91062072e+00 
 5.01187234e+03  5.22796053e-01  5.01187234e+03  8.52819278e+00 
 6.30957344e+03  5.32623865e-01  6.30957344e+03  1.04125851e+01 
 7.94328235e+03  5.47321260e-01  7.94328235e+03  1.25158499e+01 
 1.00000000e+04  5.68670676e-01  1.00000000e+04  1.47148037e+01 
 1.25892541e+04  5.98445961e-01  1.25892541e+04  1.67927944e+01 
 1.58489319e+04  6.37774648e-01  1.58489319e+04  1.84557674e+01 
 1.99526231e+04  6.86263169e-01  1.99526231e+04  1.94021123e+01 
 2.51188643e+04  7.41321350e-01  2.51188643e+04  1.94305511e+01 
 3.16227766e+04  7.98336794e-01  3.16227766e+04  1.85269605e+01 
 3.98107171e+04  8.51979874e-01  3.98107171e+04  1.68700847e+01 
 5.01187234e+04  8.98006396e-01  5.01187234e+04  1.47518670e+01 
 6.30957344e+04  9.34405161e-01  6.30957344e+04  1.24681738e+01 
 7.94328235e+04  9.61331028e-01  7.94328235e+04  1.02423076e+01 
 1.00000000e+05  9.80252639e-01  1.00000000e+05  8.20279326e+00 
 1.25892541e+05  9.93050623e-01  1.25892541e+05  6.39861710e+00 
 1.58489319e+05  1.00145385e+00  1.58489319e+05  4.82641793e+00 
 1.99526231e+05  1.00681762e+00  1.99526231e+05  3.45411699e+00 
 2.51188643e+05  1.01010393e+00  2.51188643e+05  2.23643748e+00 
 3.16227766e+05  1.01194095e+00  3.16227766e+05  1.12330273e+00 
 3.98107171e+05  1.01269285e+00  3.98107171e+05  6.34785850e-02 
 5.01187234e+05  1.01251114e+00  5.01187234e+05 -9.94505113e-01 
 6.30957344e+05  1.01135807e+00  6.30957344e+05 -2.10275366e+00 
 7.94328235e+05  1.00899967e+00  7.94328235e+05 -3.31475885e+00 
 1.00000000e+06  1.00496831e+00  1.00000000e+06 -4.68565387e+00 
 1.25892541e+06  9.98496313e-01  1.25892541e+06 -6.27090087e+00 
 1.58489319e+06  9.88432798e-01  1.58489319e+06 -8.12180128e+00 
 1.99526231e+06  9.73178974e-01  1.99526231e+06 -1.02754678e+01 
 2.51188643e+06  9.50725794e-01  2.51188643e+06 -1.27365705e+01 
 3.16227766e+06  9.18936232e-01  3.16227766e+06 -1.54498407e+01 
 3.98107171e+06  8.76219039e-01  3.98107171e+06 -1.82686560e+01 
 5.01187234e+06  8.22549448e-01  5.01187234e+06 -2.09369009e+01 
 6.30957344e+06  7.60354845e-01  6.30957344e+06 -2.31110910e+01 
 7.94328235e+06  6.94469374e-01  7.94328235e+06 -2.44397049e+01 
 1.00000000e+07  6.30808232e-01  1.00000000e+07 -2.46792014e+01 
 1.25892541e+07  5.74457867e-01  1.25892541e+07 -2.37886505e+01 
 1.58489319e+07  5.28347189e-01  1.58489319e+07 -2.19470568e+01 
 1.99526231e+07  4.93056333e-01  1.99526231e+07 -1.94827384e+01 
 2.51188643e+07  4.67471908e-01  2.51188643e+07 -1.67575870e+01 
 3.16227766e+07  4.49682763e-01  3.16227766e+07 -1.40693962e+01 
 3.98107171e+07  4.37683448e-01  3.98107171e+07 -1.16091292e+01 
 5.01187234e+07  4.29752924e-01  5.01187234e+07 -9.46752082e+00 
 6.30957344e+07  4.24572433e-01  6.30957344e+07 -7.66448612e+00 
 7.94328235e+07  4.21200069e-01  7.94328235e+07 -6.17949728e+00 
 1.00000000e+08  4.18992973e-01  1.00000000e+08 -4.97375180e+00 
 1.25892541e+08  4.17525621e-01  1.25892541e+08 -4.00346266e+00 
 1.58489319e+08  4.16522949e-01  1.58489319e+08 -3.22665108e+00 
 1.99526231e+08  4.15812149e-01  1.99526231e+08 -2.60608008e+00 
 2.51188643e+08  4.15289906e-01  2.51188643e+08 -2.11035116e+00 
 3.16227766e+08  4.14898681e-01  3.16227766e+08 -1.71424814e+00 
 3.98107171e+08  4.14607388e-01  3.98107171e+08 -1.39849242e+00 
 5.01187234e+08  4.14396562e-01  5.01187234e+08 -1.14881366e+00 
 6.30957344e+08  4.14250003e-01  6.30957344e+08 -9.54641080e-01 
 7.94328235e+08  4.14152322e-01  7.94328235e+08 -8.07963530e-01 
 1.00000000e+09  4.14089396e-01  1.00000000e+09 -7.02635518e-01 
 1.25892541e+09  4.14049261e-01  1.25892541e+09 -6.34064157e-01 
 1.58489319e+09  4.14022488e-01  1.58489319e+09 -5.99115515e-01 
 1.99526231e+09  4.14001946e-01  1.99526231e+09 -5.96129087e-01 
 2.51188643e+09  4.13982075e-01  2.51188643e+09 -6.24982108e-01 
 3.16227766e+09  4.13957874e-01  3.16227766e+09 -6.87180070e-01 
 3.98107171e+09  4.13923741e-01  3.98107171e+09 -7.85979863e-01 
 5.01187234e+09  4.13872142e-01  5.01187234e+09 -9.26567645e-01 
 6.30957344e+09  4.13791903e-01  6.30957344e+09 -1.11631220e+00 
 7.94328235e+09  4.13665790e-01  7.94328235e+09 -1.36510491e+00 
 1.00000000e+10  4.13466874e-01  1.00000000e+10 -1.68578400e+00 
