 1.00000000e+00 -5.85403831e+00 
 1.01000000e+00 -5.59448266e+00 
 1.02000000e+00 -5.29891537e+00 
 1.03000000e+00 -4.94098259e+00 
 1.04000000e+00 -4.47745125e+00 
 1.05000000e+00 -3.84127512e+00 
 1.06000000e+00 -3.04197906e+00 
 1.07000000e+00 -2.21983791e+00 
 1.08000000e+00 -1.45375443e+00 
 1.09000000e+00 -7.67709403e-01 
 1.10000000e+00 -1.83459888e-01 
 1.11000000e+00  2.80428634e-01 
 1.12000000e+00  6.13605647e-01 
 1.13000000e+00  7.94470020e-01 
 1.14000000e+00  8.72339646e-01 
 1.15000000e+00  9.21834174e-01 
 1.16000000e+00  9.60132574e-01 
 1.17000000e+00  9.91813937e-01 
 1.18000000e+00  1.01884373e+00 
 1.19000000e+00  1.04225663e+00 
 1.20000000e+00  1.06308073e+00 
 1.21000000e+00  1.08199291e+00 
 1.22000000e+00  1.09946674e+00 
 1.23000000e+00  1.11583560e+00 
 1.24000000e+00  1.13133623e+00 
 1.25000000e+00  1.14614035e+00 
 1.26000000e+00  1.16037532e+00 
 1.27000000e+00  1.17413766e+00 
 1.28000000e+00  1.18750199e+00 
 1.29000000e+00  1.20052702e+00 
 1.30000000e+00  1.21325967e+00 
 1.31000000e+00  1.22573794e+00 
 1.32000000e+00  1.23799299e+00 
 1.33000000e+00  1.25005062e+00 
 1.34000000e+00  1.26193243e+00 
 1.35000000e+00  1.27365660e+00 
 1.36000000e+00  1.28523859e+00 
 1.37000000e+00  1.29669163e+00 
 1.38000000e+00  1.30802711e+00 
 1.39000000e+00  1.31925487e+00 
 1.40000000e+00  1.33038351e+00 
 1.41000000e+00  1.34142056e+00 
 1.42000000e+00  1.35237266e+00 
 1.43000000e+00  1.36324572e+00 
 1.44000000e+00  1.37404500e+00 
 1.45000000e+00  1.38477526e+00 
 1.46000000e+00  1.39544079e+00 
 1.47000000e+00  1.40604552e+00 
 1.48000000e+00  1.41659301e+00 
 1.49000000e+00  1.42708655e+00 
 1.50000000e+00  1.43752911e+00 
 1.51000000e+00  1.44792340e+00 
 1.52000000e+00  1.45827187e+00 
 1.53000000e+00  1.46857666e+00 
 1.54000000e+00  1.47883964e+00 
 1.55000000e+00  1.48906236e+00 
 1.56000000e+00  1.49924607e+00 
 1.57000000e+00  1.50939170e+00 
 1.58000000e+00  1.51949982e+00 
 1.59000000e+00  1.52957067e+00 
 1.60000000e+00  1.53960413e+00 
 1.61000000e+00  1.54959969e+00 
 1.62000000e+00  1.55955646e+00 
 1.63000000e+00  1.56947312e+00 
 1.64000000e+00  1.57934788e+00 
 1.65000000e+00  1.58917846e+00 
 1.66000000e+00  1.59896201e+00 
 1.67000000e+00  1.60869505e+00 
 1.68000000e+00  1.61837336e+00 
 1.69000000e+00  1.62799188e+00 
 1.70000000e+00  1.63754454e+00 
 1.71000000e+00  1.64702406e+00 
 1.72000000e+00  1.65642175e+00 
 1.73000000e+00  1.66572719e+00 
 1.74000000e+00  1.67492784e+00 
 1.75000000e+00  1.68400859e+00 
 1.76000000e+00  1.69295121e+00 
 1.77000000e+00  1.70173359e+00 
 1.78000000e+00  1.71032899e+00 
 1.79000000e+00  1.71870505e+00 
 1.80000000e+00  1.72682284e+00 
 1.81000000e+00  1.73463602e+00 
 1.82000000e+00  1.74209047e+00 
 1.83000000e+00  1.74912495e+00 
 1.84000000e+00  1.75567353e+00 
 1.85000000e+00  1.76167072e+00 
 1.86000000e+00  1.76705945e+00 
 1.87000000e+00  1.77180105e+00 
 1.88000000e+00  1.77588413e+00 
 1.89000000e+00  1.77932877e+00 
 1.90000000e+00  1.78218374e+00 
 1.91000000e+00  1.78451791e+00 
 1.92000000e+00  1.78640940e+00 
 1.93000000e+00  1.78793608e+00 
 1.94000000e+00  1.78916927e+00 
 1.95000000e+00  1.79017049e+00 
 1.96000000e+00  1.79099052e+00 
 1.97000000e+00  1.79166988e+00 
 1.98000000e+00  1.79223999e+00 
 1.99000000e+00  1.79272476e+00 
 2.00000000e+00  1.79314215e+00 
 2.01000000e+00  1.79350561e+00 
 2.02000000e+00  1.79382528e+00 
 2.03000000e+00  1.79410888e+00 
 2.04000000e+00  1.79436239e+00 
 2.05000000e+00  1.79459049e+00 
 2.06000000e+00  1.79479691e+00 
 2.07000000e+00  1.79498470e+00 
 2.08000000e+00  1.79515633e+00 
 2.09000000e+00  1.79531388e+00 
 2.10000000e+00  1.79545906e+00 
 2.11000000e+00  1.79559335e+00 
 2.12000000e+00  1.79571797e+00 
 2.13000000e+00  1.79583401e+00 
 2.14000000e+00  1.79594237e+00 
 2.15000000e+00  1.79604386e+00 
 2.16000000e+00  1.79613916e+00 
 2.17000000e+00  1.79622888e+00 
 2.18000000e+00  1.79631355e+00 
 2.19000000e+00  1.79639364e+00 
 2.20000000e+00  1.79646955e+00 
 2.21000000e+00  1.79654166e+00 
 2.22000000e+00  1.79661029e+00 
 2.23000000e+00  1.79667572e+00 
 2.24000000e+00  1.79673822e+00 
 2.25000000e+00  1.79679801e+00 
 2.26000000e+00  1.79685531e+00 
 2.27000000e+00  1.79691031e+00 
 2.28000000e+00  1.79696316e+00 
 2.29000000e+00  1.79701403e+00 
 2.30000000e+00  1.79706305e+00 
 2.31000000e+00  1.79711036e+00 
 2.32000000e+00  1.79715606e+00 
 2.33000000e+00  1.79720025e+00 
 2.34000000e+00  1.79724304e+00 
 2.35000000e+00  1.79728452e+00 
 2.36000000e+00  1.79732476e+00 
 2.37000000e+00  1.79736383e+00 
 2.38000000e+00  1.79740180e+00 
 2.39000000e+00  1.79743875e+00 
 2.40000000e+00  1.79747472e+00 
 2.41000000e+00  1.79750976e+00 
 2.42000000e+00  1.79754394e+00 
 2.43000000e+00  1.79757728e+00 
 2.44000000e+00  1.79760985e+00 
 2.45000000e+00  1.79764167e+00 
 2.46000000e+00  1.79767278e+00 
 2.47000000e+00  1.79770322e+00 
 2.48000000e+00  1.79773301e+00 
 2.49000000e+00  1.79776220e+00 
 2.50000000e+00  1.79779080e+00 
 2.51000000e+00  1.79781885e+00 
 2.52000000e+00  1.79784637e+00 
 2.53000000e+00  1.79787337e+00 
 2.54000000e+00  1.79789989e+00 
 2.55000000e+00  1.79792595e+00 
 2.56000000e+00  1.79795155e+00 
 2.57000000e+00  1.79797673e+00 
 2.58000000e+00  1.79800149e+00 
 2.59000000e+00  1.79802586e+00 
 2.60000000e+00  1.79804985e+00 
 2.61000000e+00  1.79807347e+00 
 2.62000000e+00  1.79809674e+00 
 2.63000000e+00  1.79811967e+00 
 2.64000000e+00  1.79814228e+00 
 2.65000000e+00  1.79816456e+00 
 2.66000000e+00  1.79818655e+00 
 2.67000000e+00  1.79820824e+00 
 2.68000000e+00  1.79822964e+00 
 2.69000000e+00  1.79825078e+00 
 2.70000000e+00  1.79827164e+00 
 2.71000000e+00  1.79829225e+00 
 2.72000000e+00  1.79831261e+00 
 2.73000000e+00  1.79833274e+00 
 2.74000000e+00  1.79835263e+00 
 2.75000000e+00  1.79837229e+00 
 2.76000000e+00  1.79839173e+00 
 2.77000000e+00  1.79841096e+00 
 2.78000000e+00  1.79842999e+00 
 2.79000000e+00  1.79844882e+00 
 2.80000000e+00  1.79846745e+00 
 2.81000000e+00  1.79848589e+00 
 2.82000000e+00  1.79850415e+00 
 2.83000000e+00  1.79852224e+00 
 2.84000000e+00  1.79854014e+00 
 2.85000000e+00  1.79855789e+00 
 2.86000000e+00  1.79857546e+00 
 2.87000000e+00  1.79859288e+00 
 2.88000000e+00  1.79861014e+00 
 2.89000000e+00  1.79862725e+00 
 2.90000000e+00  1.79864421e+00 
 2.91000000e+00  1.79866103e+00 
 2.92000000e+00  1.79867770e+00 
 2.93000000e+00  1.79869425e+00 
 2.94000000e+00  1.79871065e+00 
 2.95000000e+00  1.79872693e+00 
 2.96000000e+00  1.79874308e+00 
 2.97000000e+00  1.79875910e+00 
 2.98000000e+00  1.79877501e+00 
 2.99000000e+00  1.79879079e+00 
 3.00000000e+00  1.79880646e+00 
