 1.00000000e+00  2.26721922e+02  1.00000000e+00 -1.99776501e-02 
 1.25892541e+00  2.26721914e+02  1.25892541e+00 -2.51503707e-02 
 1.58489319e+00  2.26721902e+02  1.58489319e+00 -3.16624397e-02 
 1.99526231e+00  2.26721882e+02  1.99526231e+00 -3.98606475e-02 
 2.51188643e+00  2.26721849e+02  2.51188643e+00 -5.01815774e-02 
 3.16227766e+00  2.26721799e+02  3.16227766e+00 -6.31748537e-02 
 3.98107171e+00  2.26721720e+02  3.98107171e+00 -7.95324102e-02 
 5.01187234e+00  2.26721593e+02  5.01187234e+00 -1.00125335e-01 
 6.30957344e+00  2.26721392e+02  6.30957344e+00 -1.26050255e-01 
 7.94328235e+00  2.26721074e+02  7.94328235e+00 -1.58687721e-01 
 1.00000000e+01  2.26720570e+02  1.00000000e+01 -1.99775710e-01 
 1.25892541e+01  2.26719772e+02  1.25892541e+01 -2.51502130e-01 
 1.58489319e+01  2.26718506e+02  1.58489319e+01 -3.16621250e-01 
 1.99526231e+01  2.26716500e+02  1.99526231e+01 -3.98600198e-01 
 2.51188643e+01  2.26713321e+02  2.51188643e+01 -5.01803250e-01 
 3.16227766e+01  2.26708283e+02  3.16227766e+01 -6.31723548e-01 
 3.98107171e+01  2.26700300e+02  3.98107171e+01 -7.95274244e-01 
 5.01187234e+01  2.26687648e+02  5.01187234e+01 -1.00115388e+00 
 6.30957344e+01  2.26667601e+02  6.30957344e+01 -1.26030410e+00 
 7.94328235e+01  2.26635839e+02  7.94328235e+01 -1.58648132e+00 
 1.00000000e+02  2.26585526e+02  1.00000000e+02 -1.99696740e+00 
 1.25892541e+02  2.26505855e+02  1.25892541e+02 -2.51344630e+00 
 1.58489319e+02  2.26379758e+02  1.58489319e+02 -3.16307209e+00 
 1.99526231e+02  2.26180337e+02  1.99526231e+02 -3.97974272e+00 
 2.51188643e+02  2.25865353e+02  2.51188643e+02 -5.00556472e+00 
 3.16227766e+02  2.25368821e+02  3.16227766e+02 -6.29242538e+00 
 3.98107171e+02  2.24588535e+02  3.98107171e+02 -7.90344798e+00 
 5.01187234e+02  2.23368297e+02  5.01187234e+02 -9.91383350e+00 
 6.30957344e+02  2.21474443e+02  6.30957344e+02 -1.24101082e+01 
 7.94328235e+02  2.18569134e+02  7.94328235e+02 -1.54860380e+01 
 1.00000000e+03  2.14189949e+02  1.00000000e+03 -1.92325308e+01 
 1.25892541e+03  2.07758327e+02  1.25892541e+03 -2.37183630e+01 
 1.58489319e+03  1.98654726e+02  1.58489319e+03 -2.89602314e+01 
 1.99526231e+03  1.86396607e+02  1.99526231e+03 -3.48870446e+01 
 2.51188643e+03  1.70900991e+02  2.51188643e+03 -4.13147643e+01 
 3.16227766e+03  1.52702092e+02  3.16227766e+03 -4.79559421e+01 
 3.98107171e+03  1.32931289e+02  3.98107171e+03 -5.44756560e+01 
 5.01187234e+03  1.13001231e+02  5.01187234e+03 -6.05730682e+01 
 6.30957344e+03  9.41795480e+01  6.30957344e+03 -6.60450580e+01 
 7.94328235e+03  7.73096941e+01  7.94328235e+03 -7.08048028e+01 
 1.00000000e+04  6.27682724e+01  1.00000000e+04 -7.48616493e+01 
 1.25892541e+04  5.05757843e+01  1.25892541e+04 -7.82861625e+01 
 1.58489319e+04  4.05435495e+01  1.58489319e+04 -8.11788278e+01 
 1.99526231e+04  3.23911530e+01  1.99526231e+04 -8.36494040e+01 
 2.51188643e+04  2.58197104e+01  2.51188643e+04 -8.58060475e+01 
 3.16227766e+04  2.05497776e+01  3.16227766e+04 -8.77513241e+01 
 3.98107171e+04  1.63369525e+01  3.98107171e+04 -8.95821882e+01 
 5.01187234e+04  1.29753548e+01  5.01187234e+04 -9.13920691e+01 
 6.30957344e+04  1.02953439e+01  6.30957344e+04 -9.32738734e+01 
 7.94328235e+04  8.15898324e+00  7.94328235e+04 -9.53232820e+01 
 1.00000000e+05  6.45501655e+00  1.00000000e+05 -9.76416880e+01 
 1.25892541e+05  5.09416730e+00  1.25892541e+05 -1.00338007e+02 
 1.58489319e+05  4.00508516e+00  1.58489319e+05 -1.03528109e+02 
 1.99526231e+05  3.13103656e+00  1.99526231e+05 -1.07329657e+02 
 2.51188643e+05  2.42733257e+00  2.51188643e+05 -1.11849434e+02 
 3.16227766e+05  1.85940870e+00  3.16227766e+05 -1.17160340e+02 
 3.98107171e+05  1.40134277e+00  3.98107171e+05 -1.23268821e+02 
 5.01187234e+05  1.03440608e+00  5.01187234e+05 -1.30082512e+02 
 6.30957344e+05  7.45171283e-01  6.30957344e+05 -1.37399376e+02 
 7.94328235e+05  5.23086555e-01  7.94328235e+05 -1.44940162e+02 
 1.00000000e+06  3.58216222e-01  1.00000000e+06 -1.52422353e+02 
 1.25892541e+06  2.40163024e-01  1.25892541e+06 -1.59640538e+02 
 1.58489319e+06  1.58413025e-01  1.58489319e+06 -1.66512263e+02 
 1.99526231e+06  1.03344548e-01  1.99526231e+06 -1.73077007e+02 
 2.51188643e+06  6.70165790e-02  2.51188643e+06 -1.79464747e+02 
 3.16227766e+06  4.34029480e-02  3.16227766e+06  1.74144602e+02 
 3.98107171e+06  2.82029198e-02  3.98107171e+06  1.67560751e+02 
 5.01187234e+06  1.84743553e-02  5.01187234e+06  1.60622167e+02 
 6.30957344e+06  1.22603054e-02  6.30957344e+06  1.53237644e+02 
 7.94328235e+06  8.28281990e-03  7.94328235e+06  1.45426291e+02 
 1.00000000e+07  5.71790132e-03  1.00000000e+07  1.37339598e+02 
 1.25892541e+07  4.04007391e-03  1.25892541e+07  1.29244526e+02 
 1.58489319e+07  2.91850839e-03  1.58489319e+07  1.21464115e+02 
 1.99526231e+07  2.14823737e-03  1.99526231e+07  1.14302601e+02 
 2.51188643e+07  1.60432310e-03  2.51188643e+07  1.07989500e+02 
 3.16227766e+07  1.21117530e-03  3.16227766e+07  1.02651073e+02 
 3.98107171e+07  9.22334838e-04  3.98107171e+07  9.82969151e+01 
 5.01187234e+07  7.07863238e-04  5.01187234e+07  9.48206112e+01 
 6.30957344e+07  5.47250088e-04  6.30957344e+07  9.20266425e+01 
 7.94328235e+07  4.25862213e-04  7.94328235e+07  8.96797126e+01 
 1.00000000e+08  3.33170972e-04  1.00000000e+08  8.75509616e+01 
 1.25892541e+08  2.61653813e-04  1.25892541e+08  8.54409637e+01 
 1.58489319e+08  2.05954872e-04  1.58489319e+08  8.31800801e+01 
 1.99526231e+08  1.62232611e-04  1.99526231e+08  8.06176907e+01 
 2.51188643e+08  1.27686949e-04  2.51188643e+08  7.76103198e+01 
 3.16227766e+08  1.00238253e-04  3.16227766e+08  7.40138978e+01 
 3.98107171e+08  7.83177909e-05  3.98107171e+08  6.96826550e+01 
 5.01187234e+08  6.07333039e-05  5.01187234e+08  6.44764654e+01 
 6.30957344e+08  4.65826426e-05  6.30957344e+08  5.82779292e+01 
 7.94328235e+08  3.51954361e-05  7.94328235e+08  5.10178389e+01 
 1.00000000e+09  2.60860617e-05  1.00000000e+09  4.27011646e+01 
 1.25892541e+09  1.89042088e-05  1.25892541e+09  3.34164659e+01 
 1.58489319e+09  1.33781133e-05  1.58489319e+09  2.33081014e+01 
 1.99526231e+09  9.26128225e-06  1.99526231e+09  1.25061009e+01 
 2.51188643e+09  6.30304001e-06  2.51188643e+09  1.04045869e+00 
 3.16227766e+09  4.25128396e-06  3.16227766e+09 -1.12144168e+01 
 3.98107171e+09  2.87367122e-06  3.98107171e+09 -2.45277833e+01 
 5.01187234e+09  1.97648773e-06  5.01187234e+09 -3.92015808e+01 
 6.30957344e+09  1.41085330e-06  6.30957344e+09 -5.53195237e+01 
 7.94328235e+09  1.06776971e-06  7.94328235e+09 -7.23946469e+01 
 1.00000000e+10  8.68727168e-07  1.00000000e+10 -8.92389762e+01 
