 1.00000000e+00  5.51653114e+00  1.00000000e+00 -5.04209892e-03 
 1.25892541e+00  5.51653113e+00  1.25892541e+00 -6.34762645e-03 
 1.58489319e+00  5.51653111e+00  1.58489319e+00 -7.99118823e-03 
 1.99526231e+00  5.51653108e+00  1.99526231e+00 -1.00603099e-02 
 2.51188643e+00  5.51653103e+00  2.51188643e+00 -1.26651797e-02 
 3.16227766e+00  5.51653095e+00  3.16227766e+00 -1.59445164e-02 
 3.98107171e+00  5.51653083e+00  3.98107171e+00 -2.00729566e-02 
 5.01187234e+00  5.51653063e+00  5.01187234e+00 -2.52703545e-02 
 6.30957344e+00  5.51653031e+00  6.30957344e+00 -3.18134903e-02 
 7.94328235e+00  5.51652982e+00  7.94328235e+00 -4.00508089e-02 
 1.00000000e+01  5.51652903e+00  1.00000000e+01 -5.04209763e-02 
 1.25892541e+01  5.51652778e+00  1.25892541e+01 -6.34762388e-02 
 1.58489319e+01  5.51652580e+00  1.58489319e+01 -7.99118310e-02 
 1.99526231e+01  5.51652266e+00  1.99526231e+01 -1.00602997e-01 
 2.51188643e+01  5.51651769e+00  2.51188643e+01 -1.26651593e-01 
 3.16227766e+01  5.51650981e+00  3.16227766e+01 -1.59444757e-01 
 3.98107171e+01  5.51649732e+00  3.98107171e+01 -2.00728753e-01 
 5.01187234e+01  5.51647753e+00  5.01187234e+01 -2.52701924e-01 
 6.30957344e+01  5.51644616e+00  6.30957344e+01 -3.18131668e-01 
 7.94328235e+01  5.51639644e+00  7.94328235e+01 -4.00501635e-01 
 1.00000000e+02  5.51631764e+00  1.00000000e+02 -5.04196885e-01 
 1.25892541e+02  5.51619276e+00  1.25892541e+02 -6.34736692e-01 
 1.58489319e+02  5.51599486e+00  1.58489319e+02 -7.99067042e-01 
 1.99526231e+02  5.51568125e+00  1.99526231e+02 -1.00592768e+00 
 2.51188643e+02  5.51518432e+00  2.51188643e+02 -1.26631186e+00 
 3.16227766e+02  5.51439701e+00  3.16227766e+02 -1.59404047e+00 
 3.98107171e+02  5.51314991e+00  3.98107171e+02 -2.00647549e+00 
 5.01187234e+02  5.51117511e+00  5.01187234e+02 -2.52539972e+00 
 6.30957344e+02  5.50804962e+00  6.30957344e+02 -3.17808752e+00 
 7.94328235e+02  5.50310691e+00  7.94328235e+02 -3.99858035e+00 
 1.00000000e+03  5.49530043e+00  1.00000000e+03 -5.02914943e+00 
 1.25892541e+03  5.48299575e+00  1.25892541e+03 -6.32185834e+00 
 1.58489319e+03  5.46366235e+00  1.58489319e+03 -7.93999214e+00 
 1.99526231e+03  5.43343555e+00  1.99526231e+03 -9.95884091e+00 
 2.51188643e+03  5.38654028e+00  2.51188643e+03 -1.24648314e+01 
 3.16227766e+03  5.31464137e+00  3.16227766e+03 -1.55512298e+01 
 3.98107171e+03  5.20636198e+00  3.98107171e+03 -1.93077004e+01 
 5.01187234e+03  5.04753481e+00  5.01187234e+03 -2.38005637e+01 
 6.30957344e+03  4.82311824e+00  6.30957344e+03 -2.90424031e+01 
 7.94328235e+03  4.52163364e+00  7.94328235e+03 -3.49563155e+01 
 1.00000000e+04  4.14159131e+00  1.00000000e+04 -4.13516069e+01 
 1.25892541e+04  3.69663603e+00  1.25892541e+04 -4.79350019e+01 
 1.58489319e+04  3.21476383e+00  1.58489319e+04 -5.43682043e+01 
 1.99526231e+04  2.73039866e+00  1.99526231e+04 -6.03493443e+01 
 2.51188643e+04  2.27406163e+00  2.51188643e+04 -6.56749693e+01 
 3.16227766e+04  1.86580235e+00  3.16227766e+04 -7.02564007e+01 
 3.98107171e+04  1.51436934e+00  3.98107171e+04 -7.40982188e+01 
 5.01187234e+04  1.21999013e+00  5.01187234e+04 -7.72627427e+01 
 6.30957344e+04  9.77938226e-01  6.30957344e+04 -7.98386122e+01 
 7.94328235e+04  7.81347961e-01  7.94328235e+04 -8.19198745e+01 
 1.00000000e+05  6.22956953e-01  1.00000000e+05 -8.35946854e+01 
 1.25892541e+05  4.96000674e-01  1.25892541e+05 -8.49405126e+01 
 1.58489319e+05  3.94576224e-01  1.58489319e+05 -8.60230347e+01 
 1.99526231e+05  3.13719150e-01  1.99526231e+05 -8.68968594e+01 
 2.51188643e+05  2.49344595e-01  2.51188643e+05 -8.76069852e+01 
 3.16227766e+05  1.98135874e-01  3.16227766e+05 -8.81904550e+01 
 3.98107171e+05  1.57422036e-01  3.98107171e+05 -8.86779516e+01 
 5.01187234e+05  1.25063110e-01  5.01187234e+05 -8.90952406e+01 
 6.30957344e+05  9.93500123e-02  6.30957344e+05 -8.94644454e+01 
 7.94328235e+05  7.89205266e-02  7.94328235e+05 -8.98051776e+01 
 1.00000000e+06  6.26902677e-02  1.00000000e+06 -9.01355559e+01 
 1.25892541e+06  4.97967003e-02  1.25892541e+06 -9.04731580e+01 
 1.58489319e+06  3.95540897e-02  1.58489319e+06 -9.08359489e+01 
 1.99526231e+06  3.14174281e-02  1.99526231e+06 -9.12432308e+01 
 2.51188643e+06  2.49536340e-02  2.51188643e+06 -9.17166619e+01 
 3.16227766e+06  1.98186000e-02  3.16227766e+06 -9.22813949e+01 
 3.98107171e+06  1.57389246e-02  3.98107171e+06 -9.29673868e+01 
 5.01187234e+06  1.24973813e-02  5.01187234e+06 -9.38109364e+01 
 6.30957344e+06  9.92136545e-03  6.30957344e+06 -9.48565035e+01 
 7.94328235e+06  7.87371249e-03  7.94328235e+06 -9.61588493e+01 
 1.00000000e+07  6.24540172e-03  1.00000000e+07 -9.77855080e+01 
 1.25892541e+07  4.94976227e-03  1.25892541e+07 -9.98195116e+01 
 1.58489319e+07  3.91787710e-03  1.58489319e+07 -1.02362130e+02 
 1.99526231e+07  3.09494830e-03  1.99526231e+07 -1.05535075e+02 
 2.51188643e+07  2.43744135e-03  2.51188643e+07 -1.09481125e+02 
 3.16227766e+07  1.91087060e-03  3.16227766e+07 -1.14361463e+02 
 3.98107171e+07  1.48811619e-03  3.98107171e+07 -1.20347624e+02 
 5.01187234e+07  1.14816066e-03  5.01187234e+07 -1.27606908e+02 
 6.30957344e+07  8.75083520e-04  6.30957344e+07 -1.36284294e+02 
 7.94328235e+07  6.57078578e-04  7.94328235e+07 -1.46491548e+02 
 1.00000000e+08  4.85284071e-04  1.00000000e+08 -1.58318471e+02 
 1.25892541e+08  3.52488364e-04  1.25892541e+08 -1.71867579e+02 
 1.58489319e+08  2.52133872e-04  1.58489319e+08  1.72718095e+02 
 1.99526231e+08  1.77990351e-04  1.99526231e+08  1.55277010e+02 
 2.51188643e+08  1.24349474e-04  2.51188643e+08  1.35706307e+02 
 3.16227766e+08  8.62844992e-05  3.16227766e+08  1.14053612e+02 
 3.98107171e+08  5.97429272e-05  3.98107171e+08  9.05843412e+01 
 5.01187234e+08  4.15231822e-05  5.01187234e+08  6.58051209e+01 
 6.30957344e+08  2.92007725e-05  6.30957344e+08  4.04153531e+01 
 7.94328235e+08  2.10007609e-05  7.94328235e+08  1.51617330e+01 
 1.00000000e+09  1.56356815e-05  1.00000000e+09 -9.34692958e+00 
 1.25892541e+09  1.21705174e-05  1.25892541e+09 -3.27072783e+01 
 1.58489319e+09  9.94289165e-06  1.58489319e+09 -5.46088558e+01 
 1.99526231e+09  8.50813202e-06  1.99526231e+09 -7.47140472e+01 
 2.51188643e+09  7.58151903e-06  2.51188643e+09 -9.26855895e+01 
 3.16227766e+09  6.98333269e-06  3.16227766e+09 -1.08296155e+02 
 3.98107171e+09  6.59873079e-06  3.98107171e+09 -1.21494370e+02 
 5.01187234e+09  6.35317851e-06  5.01187234e+09 -1.32392096e+02 
 6.30957344e+09  6.19809416e-06  6.30957344e+09 -1.41206726e+02 
 7.94328235e+09  6.10209907e-06  7.94328235e+09 -1.48199184e+02 
 1.00000000e+10  6.04539150e-06  1.00000000e+10 -1.53628460e+02 
