 1.00000000e+00  1.19502540e+02  1.00000000e+00 -3.02252298e-02 
 1.25892541e+00  1.19502530e+02  1.25892541e+00 -3.80513078e-02 
 1.58489319e+00  1.19502514e+02  1.58489319e+00 -4.79037542e-02 
 1.99526231e+00  1.19502490e+02  1.99526231e+00 -6.03072453e-02 
 2.51188643e+00  1.19502451e+02  2.51188643e+00 -7.59223073e-02 
 3.16227766e+00  1.19502390e+02  3.16227766e+00 -9.55804893e-02 
 3.98107171e+00  1.19502293e+02  3.98107171e+00 -1.20328642e-01 
 5.01187234e+00  1.19502139e+02  5.01187234e+00 -1.51484655e-01 
 6.30957344e+00  1.19501895e+02  6.30957344e+00 -1.90707622e-01 
 7.94328235e+00  1.19501508e+02  7.94328235e+00 -2.40086154e-01 
 1.00000000e+01  1.19500896e+02  1.00000000e+01 -3.02249528e-01 
 1.25892541e+01  1.19499924e+02  1.25892541e+01 -3.80507551e-01 
 1.58489319e+01  1.19498385e+02  1.58489319e+01 -4.79026514e-01 
 1.99526231e+01  1.19495946e+02  1.99526231e+01 -6.03050450e-01 
 2.51188643e+01  1.19492080e+02  2.51188643e+01 -7.59179173e-01 
 3.16227766e+01  1.19485954e+02  3.16227766e+01 -9.55717306e-01 
 3.98107171e+01  1.19476246e+02  3.98107171e+01 -1.20311168e+00 
 5.01187234e+01  1.19460866e+02  5.01187234e+01 -1.51449795e+00 
 6.30957344e+01  1.19436501e+02  6.30957344e+01 -1.90638084e+00 
 7.94328235e+01  1.19397917e+02  7.94328235e+01 -2.39947462e+00 
 1.00000000e+02  1.19336842e+02  1.00000000e+02 -3.01972973e+00 
 1.25892541e+02  1.19240236e+02  1.25892541e+02 -3.79956294e+00 
 1.58489319e+02  1.19087605e+02  1.58489319e+02 -4.77928320e+00 
 1.99526231e+02  1.18846897e+02  1.99526231e+02 -6.00864639e+00 
 2.51188643e+02  1.18468373e+02  2.51188643e+02 -7.54834777e+00 
 3.16227766e+02  1.17875791e+02  3.16227766e+02 -9.47101829e+00 
 3.98107171e+02  1.16954561e+02  3.98107171e+02 -1.18608524e+01 
 5.01187234e+02  1.15537748e+02  5.01187234e+02 -1.48102875e+01 
 6.30957344e+02  1.13394062e+02  6.30957344e+02 -1.84112240e+01 
 7.94328235e+02  1.10228214e+02  7.94328235e+02 -2.27376176e+01 
 1.00000000e+03  1.05712342e+02  1.00000000e+03 -2.78173548e+01 
 1.25892541e+03  9.95692006e+01  1.25892541e+03 -3.35966965e+01 
 1.58489319e+03  9.17055746e+01  1.58489319e+03 -3.99113621e+01 
 1.99526231e+03  8.23389910e+01  1.99526231e+03 -4.64879252e+01 
 2.51188643e+03  7.20163483e+01  2.51188643e+03 -5.29916425e+01 
 3.16227766e+03  6.14721291e+01  3.16227766e+03 -5.91061429e+01 
 3.98107171e+03  5.14033000e+01  3.98107171e+03 -6.46032585e+01 
 5.01187234e+03  4.23007948e+01  5.01187234e+03 -6.93700809e+01 
 6.30957344e+03  3.44055690e+01  6.30957344e+03 -7.33940491e+01 
 7.94328235e+03  2.77571314e+01  7.94328235e+03 -7.67286385e+01 
 1.00000000e+04  2.22710618e+01  1.00000000e+04 -7.94601226e+01 
 1.25892541e+04  1.78049643e+01  1.25892541e+04 -8.16842966e+01 
 1.58489319e+04  1.42012186e+01  1.58489319e+04 -8.34933599e+01 
 1.99526231e+04  1.13098664e+01  1.99526231e+04 -8.49700374e+01 
 2.51188643e+04  8.99853911e+00  2.51188643e+04 -8.61859990e+01 
 3.16227766e+04  7.15516783e+00  3.16227766e+04 -8.72024532e+01 
 3.98107171e+04  5.68716892e+00  3.98107171e+04 -8.80717350e+01 
 5.01187234e+04  4.51918352e+00  5.01187234e+04 -8.88392265e+01 
 6.30957344e+04  3.59043039e+00  6.30957344e+04 -8.95453304e+01 
 7.94328235e+04  2.85216284e+00  7.94328235e+04 -9.02273941e+01 
 1.00000000e+05  2.26542338e+00  1.00000000e+05 -9.09215661e+01 
 1.25892541e+05  1.79914568e+00  1.25892541e+05 -9.16646418e+01 
 1.58489319e+05  1.42858912e+00  1.58489319e+05 -9.24959349e+01 
 1.99526231e+05  1.13406596e+00  1.99526231e+05 -9.34592440e+01 
 2.51188643e+05  8.99915575e-01  2.51188643e+05 -9.46049538e+01 
 3.16227766e+05  7.13682305e-01  3.16227766e+05 -9.59922738e+01 
 3.98107171e+05  5.65458858e-01  3.98107171e+05 -9.76915204e+01 
 5.01187234e+05  4.47363696e-01  5.01187234e+05 -9.97861757e+01 
 6.30957344e+05  3.53126768e-01  6.30957344e+05 -1.02374104e+02 
 7.94328235e+05  2.77763651e-01  7.94328235e+05 -1.05566729e+02 
 1.00000000e+06  2.17323050e-01  1.00000000e+06 -1.09484125e+02 
 1.25892541e+06  1.68696123e-01  1.25892541e+06 -1.14243058e+02 
 1.58489319e+06  1.29476535e-01  1.58489319e+06 -1.19935085e+02 
 1.99526231e+06  9.78547192e-02  1.99526231e+06 -1.26594910e+02 
 2.51188643e+06  7.25185709e-02  2.51188643e+06 -1.34167729e+02 
 3.16227766e+06  5.25273601e-02  3.16227766e+06 -1.42495799e+02 
 3.98107171e+06  3.71491377e-02  3.98107171e+06 -1.51346099e+02 
 5.01187234e+06  2.57046918e-02  5.01187234e+06 -1.60478635e+02 
 6.30957344e+06  1.74871810e-02  6.30957344e+06 -1.69720317e+02 
 7.94328235e+06  1.17791677e-02  7.94328235e+06 -1.78999741e+02 
 1.00000000e+07  7.91938629e-03  1.00000000e+07  1.71674548e+02 
 1.25892541e+07  5.35811873e-03  1.25892541e+07  1.62275915e+02 
 1.58489319e+07  3.67572519e-03  1.58489319e+07  1.52829056e+02 
 1.99526231e+07  2.57171315e-03  1.99526231e+07  1.43452468e+02 
 2.51188643e+07  1.84086092e-03  2.51188643e+07  1.34348342e+02 
 3.16227766e+07  1.34808441e-03  3.16227766e+07  1.25741719e+02 
 3.98107171e+07  1.00709921e-03  3.98107171e+07  1.17805695e+02 
 5.01187234e+07  7.64037021e-04  5.01187234e+07  1.10617624e+02 
 6.30957344e+07  5.85688198e-04  6.30957344e+07  1.04162931e+02 
 7.94328235e+07  4.51579081e-04  7.94328235e+07  9.83707012e+01 
 1.00000000e+08  3.48935559e-04  1.00000000e+08  9.31539999e+01 
 1.25892541e+08  2.69601150e-04  1.25892541e+08  8.84322249e+01 
 1.58489319e+08  2.08151224e-04  1.58489319e+08  8.41221347e+01 
 1.99526231e+08  1.60714904e-04  1.99526231e+08  8.01016251e+01 
 2.51188643e+08  1.24276663e-04  2.51188643e+08  7.61738607e+01 
 3.16227766e+08  9.63512524e-05  3.16227766e+08  7.20639017e+01 
 3.98107171e+08  7.48964469e-05  3.98107171e+08  6.74511783e+01 
 5.01187234e+08  5.83005386e-05  5.01187234e+08  6.20126593e+01 
 6.30957344e+08  4.53474928e-05  6.30957344e+08  5.54570854e+01 
 7.94328235e+08  3.51501762e-05  7.94328235e+08  4.75541275e+01 
 1.00000000e+09  2.70767449e-05  1.00000000e+09  3.81725188e+01 
 1.25892541e+09  2.06857777e-05  1.25892541e+09  2.73299075e+01 
 1.58489319e+09  1.56686039e-05  1.58489319e+09  1.52347970e+01 
 1.99526231e+09  1.17942520e-05  1.99526231e+09  2.28781987e+00 
 2.51188643e+09  8.86384223e-06  2.51188643e+09 -1.09765680e+01 
 3.16227766e+09  6.68804676e-06  3.16227766e+09 -2.39944711e+01 
 3.98107171e+09  5.08945662e-06  3.98107171e+09 -3.62858249e+01 
 5.01187234e+09  3.91559458e-06  5.01187234e+09 -4.75362682e+01 
 6.30957344e+09  3.04740164e-06  6.30957344e+09 -5.76221048e+01 
 7.94328235e+09  2.39860511e-06  7.94328235e+09 -6.65799244e+01 
 1.00000000e+10  1.90941157e-06  1.00000000e+10 -7.45441202e+01 
