 1.00000000e+00  8.63313156e-01 
 1.01000000e+00  9.41065484e-01 
 1.02000000e+00  9.68399525e-01 
 1.03000000e+00  9.87904317e-01 
 1.04000000e+00  1.00444261e+00 
 1.05000000e+00  1.01917889e+00 
 1.06000000e+00  1.03287810e+00 
 1.07000000e+00  1.04585152e+00 
 1.08000000e+00  1.05828919e+00 
 1.09000000e+00  1.07032053e+00 
 1.10000000e+00  1.08203558e+00 
 1.11000000e+00  1.09349933e+00 
 1.12000000e+00  1.10476010e+00 
 1.13000000e+00  1.11585474e+00 
 1.14000000e+00  1.12681187e+00 
 1.15000000e+00  1.13765409e+00 
 1.16000000e+00  1.14839948e+00 
 1.17000000e+00  1.15906267e+00 
 1.18000000e+00  1.16965561e+00 
 1.19000000e+00  1.18018817e+00 
 1.20000000e+00  1.19066854e+00 
 1.21000000e+00  1.20110358e+00 
 1.22000000e+00  1.21149904e+00 
 1.23000000e+00  1.22185981e+00 
 1.24000000e+00  1.23219004e+00 
 1.25000000e+00  1.24249328e+00 
 1.26000000e+00  1.25277258e+00 
 1.27000000e+00  1.26303057e+00 
 1.28000000e+00  1.27326952e+00 
 1.29000000e+00  1.28349141e+00 
 1.30000000e+00  1.29369797e+00 
 1.31000000e+00  1.30389071e+00 
 1.32000000e+00  1.31407094e+00 
 1.33000000e+00  1.32423984e+00 
 1.34000000e+00  1.33439844e+00 
 1.35000000e+00  1.34454766e+00 
 1.36000000e+00  1.35468827e+00 
 1.37000000e+00  1.36482055e+00 
 1.38000000e+00  1.37494504e+00 
 1.39000000e+00  1.38506234e+00 
 1.40000000e+00  1.39517297e+00 
 1.41000000e+00  1.40527739e+00 
 1.42000000e+00  1.41537602e+00 
 1.43000000e+00  1.42546933e+00 
 1.44000000e+00  1.43555772e+00 
 1.45000000e+00  1.44564157e+00 
 1.46000000e+00  1.45572123e+00 
 1.47000000e+00  1.46579702e+00 
 1.48000000e+00  1.47586920e+00 
 1.49000000e+00  1.48593805e+00 
 1.50000000e+00  1.49600378e+00 
 1.51000000e+00  1.50606662e+00 
 1.52000000e+00  1.51612674e+00 
 1.53000000e+00  1.52618432e+00 
 1.54000000e+00  1.53623951e+00 
 1.55000000e+00  1.54629245e+00 
 1.56000000e+00  1.55634329e+00 
 1.57000000e+00  1.56639212e+00 
 1.58000000e+00  1.57643908e+00 
 1.59000000e+00  1.58648424e+00 
 1.60000000e+00  1.59652771e+00 
 1.61000000e+00  1.60656957e+00 
 1.62000000e+00  1.61660989e+00 
 1.63000000e+00  1.62664875e+00 
 1.64000000e+00  1.63668620e+00 
 1.65000000e+00  1.64672232e+00 
 1.66000000e+00  1.65675714e+00 
 1.67000000e+00  1.66679072e+00 
 1.68000000e+00  1.67682309e+00 
 1.69000000e+00  1.68685431e+00 
 1.70000000e+00  1.69688439e+00 
 1.71000000e+00  1.70691338e+00 
 1.72000000e+00  1.71694129e+00 
 1.73000000e+00  1.72696814e+00 
 1.74000000e+00  1.73699395e+00 
 1.75000000e+00  1.74701872e+00 
 1.76000000e+00  1.75704246e+00 
 1.77000000e+00  1.76706517e+00 
 1.78000000e+00  1.77708682e+00 
 1.79000000e+00  1.78710741e+00 
 1.80000000e+00  1.79712689e+00 
 1.81000000e+00  1.80714523e+00 
 1.82000000e+00  1.81716234e+00 
 1.83000000e+00  1.82717815e+00 
 1.84000000e+00  1.83719253e+00 
 1.85000000e+00  1.84720532e+00 
 1.86000000e+00  1.85721629e+00 
 1.87000000e+00  1.86722512e+00 
 1.88000000e+00  1.87723137e+00 
 1.89000000e+00  1.88723438e+00 
 1.90000000e+00  1.89723313e+00 
 1.91000000e+00  1.90722600e+00 
 1.92000000e+00  1.91721020e+00 
 1.93000000e+00  1.92718061e+00 
 1.94000000e+00  1.93712527e+00 
 1.95000000e+00  1.94701932e+00 
 1.96000000e+00  1.95678806e+00 
 1.97000000e+00  1.96618252e+00 
 1.98000000e+00  1.97415390e+00 
 1.99000000e+00  1.97442681e+00 
 2.00000000e+00  1.95769329e+00 
 2.01000000e+00  1.93657287e+00 
 2.02000000e+00  1.91857623e+00 
 2.03000000e+00  1.90404997e+00 
 2.04000000e+00  1.89250999e+00 
 2.05000000e+00  1.88320763e+00 
 2.06000000e+00  1.87559945e+00 
 2.07000000e+00  1.86927448e+00 
 2.08000000e+00  1.86393270e+00 
 2.09000000e+00  1.85935566e+00 
 2.10000000e+00  1.85538308e+00 
 2.11000000e+00  1.85189585e+00 
 2.12000000e+00  1.84880416e+00 
 2.13000000e+00  1.84603922e+00 
 2.14000000e+00  1.84354754e+00 
 2.15000000e+00  1.84128696e+00 
 2.16000000e+00  1.83922380e+00 
 2.17000000e+00  1.83733088e+00 
 2.18000000e+00  1.83558601e+00 
 2.19000000e+00  1.83397096e+00 
 2.20000000e+00  1.83247066e+00 
 2.21000000e+00  1.83107255e+00 
 2.22000000e+00  1.82976620e+00 
 2.23000000e+00  1.82854290e+00 
 2.24000000e+00  1.82739541e+00 
 2.25000000e+00  1.82631775e+00 
 2.26000000e+00  1.82530499e+00 
 2.27000000e+00  1.82435314e+00 
 2.28000000e+00  1.82345896e+00 
 2.29000000e+00  1.82261987e+00 
 2.30000000e+00  1.82183384e+00 
 2.31000000e+00  1.82109920e+00 
 2.32000000e+00  1.82041459e+00 
 2.33000000e+00  1.81977878e+00 
 2.34000000e+00  1.81919062e+00 
 2.35000000e+00  1.81864889e+00 
 2.36000000e+00  1.81815226e+00 
 2.37000000e+00  1.81769923e+00 
 2.38000000e+00  1.81728810e+00 
 2.39000000e+00  1.81691701e+00 
 2.40000000e+00  1.81658391e+00 
 2.41000000e+00  1.81628667e+00 
 2.42000000e+00  1.81602305e+00 
 2.43000000e+00  1.81579083e+00 
 2.44000000e+00  1.81558779e+00 
 2.45000000e+00  1.81541180e+00 
 2.46000000e+00  1.81526081e+00 
 2.47000000e+00  1.81513290e+00 
 2.48000000e+00  1.81502628e+00 
 2.49000000e+00  1.81493929e+00 
 2.50000000e+00  1.81487043e+00 
 2.51000000e+00  1.81481829e+00 
 2.52000000e+00  1.81478162e+00 
 2.53000000e+00  1.81475928e+00 
 2.54000000e+00  1.81475022e+00 
 2.55000000e+00  1.81475350e+00 
 2.56000000e+00  1.81476827e+00 
 2.57000000e+00  1.81479374e+00 
 2.58000000e+00  1.81482922e+00 
 2.59000000e+00  1.81487405e+00 
 2.60000000e+00  1.81492764e+00 
 2.61000000e+00  1.81498946e+00 
 2.62000000e+00  1.81505901e+00 
 2.63000000e+00  1.81513582e+00 
 2.64000000e+00  1.81521948e+00 
 2.65000000e+00  1.81530959e+00 
 2.66000000e+00  1.81540578e+00 
 2.67000000e+00  1.81550773e+00 
 2.68000000e+00  1.81561510e+00 
 2.69000000e+00  1.81572761e+00 
 2.70000000e+00  1.81584498e+00 
 2.71000000e+00  1.81596694e+00 
 2.72000000e+00  1.81609325e+00 
 2.73000000e+00  1.81622368e+00 
 2.74000000e+00  1.81635800e+00 
 2.75000000e+00  1.81649602e+00 
 2.76000000e+00  1.81663752e+00 
 2.77000000e+00  1.81678233e+00 
 2.78000000e+00  1.81693026e+00 
 2.79000000e+00  1.81708116e+00 
 2.80000000e+00  1.81723484e+00 
 2.81000000e+00  1.81739116e+00 
 2.82000000e+00  1.81754996e+00 
 2.83000000e+00  1.81771111e+00 
 2.84000000e+00  1.81787447e+00 
 2.85000000e+00  1.81803990e+00 
 2.86000000e+00  1.81820727e+00 
 2.87000000e+00  1.81837646e+00 
 2.88000000e+00  1.81854735e+00 
 2.89000000e+00  1.81871981e+00 
 2.90000000e+00  1.81889374e+00 
 2.91000000e+00  1.81906901e+00 
 2.92000000e+00  1.81924551e+00 
 2.93000000e+00  1.81942313e+00 
 2.94000000e+00  1.81960176e+00 
 2.95000000e+00  1.81978127e+00 
 2.96000000e+00  1.81996156e+00 
 2.97000000e+00  1.82014250e+00 
 2.98000000e+00  1.82032398e+00 
 2.99000000e+00  1.82050586e+00 
 3.00000000e+00  1.82068801e+00 
