 1.00000000e+00  6.09250232e+01  1.00000000e+00 -3.19253161e-04 
 1.25892541e+00  6.09250232e+01  1.25892541e+00 -4.01915918e-04 
 1.58489319e+00  6.09250232e+01  1.58489319e+00 -5.05982162e-04 
 1.99526231e+00  6.09250232e+01  1.99526231e+00 -6.36993802e-04 
 2.51188643e+00  6.09250232e+01  2.51188643e+00 -8.01927684e-04 
 3.16227766e+00  6.09250232e+01  3.16227766e+00 -1.00956714e-03 
 3.98107171e+00  6.09250232e+01  3.98107171e+00 -1.27096973e-03 
 5.01187234e+00  6.09250232e+01  5.01187234e+00 -1.60005609e-03 
 6.30957344e+00  6.09250232e+01  6.30957344e+00 -2.01435127e-03 
 7.94328235e+00  6.09250232e+01  7.94328235e+00 -2.53591800e-03 
 1.00000000e+01  6.09250232e+01  1.00000000e+01 -3.19253161e-03 
 1.25892541e+01  6.09250231e+01  1.25892541e+01 -4.01915917e-03 
 1.58489319e+01  6.09250232e+01  1.58489319e+01 -5.05982162e-03 
 1.99526231e+01  6.09250230e+01  1.99526231e+01 -6.36993800e-03 
 2.51188643e+01  6.09250228e+01  2.51188643e+01 -8.01927680e-03 
 3.16227766e+01  6.09250224e+01  3.16227766e+01 -1.00956713e-02 
 3.98107171e+01  6.09250219e+01  3.98107171e+01 -1.27096971e-02 
 5.01187234e+01  6.09250210e+01  5.01187234e+01 -1.60005605e-02 
 6.30957344e+01  6.09250197e+01  6.30957344e+01 -2.01435119e-02 
 7.94328235e+01  6.09250175e+01  7.94328235e+01 -2.53591784e-02 
 1.00000000e+02  6.09250141e+01  1.00000000e+02 -3.19253130e-02 
 1.25892541e+02  6.09250087e+01  1.25892541e+02 -4.01915855e-02 
 1.58489319e+02  6.09250001e+01  1.58489319e+02 -5.05982035e-02 
 1.99526231e+02  6.09249866e+01  1.99526231e+02 -6.36993549e-02 
 2.51188643e+02  6.09249650e+01  2.51188643e+02 -8.01927179e-02 
 3.16227766e+02  6.09249308e+01  3.16227766e+02 -1.00956613e-01 
 3.98107171e+02  6.09248767e+01  3.98107171e+02 -1.27096771e-01 
 5.01187234e+02  6.09247910e+01  5.01187234e+02 -1.60005207e-01 
 6.30957344e+02  6.09246551e+01  6.30957344e+02 -2.01434325e-01 
 7.94328235e+02  6.09244397e+01  7.94328235e+02 -2.53590199e-01 
 1.00000000e+03  6.09240982e+01  1.00000000e+03 -3.19249966e-01 
 1.25892541e+03  6.09235573e+01  1.25892541e+03 -4.01909542e-01 
 1.58489319e+03  6.09226997e+01  1.58489319e+03 -5.05969441e-01 
 1.99526231e+03  6.09213408e+01  1.99526231e+03 -6.36968420e-01 
 2.51188643e+03  6.09191871e+01  2.51188643e+03 -8.01877042e-01 
 3.16227766e+03  6.09157744e+01  3.16227766e+03 -1.00946610e+00 
 3.98107171e+03  6.09103666e+01  3.98107171e+03 -1.27076815e+00 
 5.01187234e+03  6.09017990e+01  5.01187234e+03 -1.59965396e+00 
 6.30957344e+03  6.08882275e+01  6.30957344e+03 -2.01354912e+00 
 7.94328235e+03  6.08667367e+01  7.94328235e+03 -2.53431819e+00 
 1.00000000e+04  6.08327227e+01  1.00000000e+04 -3.18934170e+00 
 1.25892541e+04  6.07789305e+01  1.25892541e+04 -4.01280122e+00 
 1.58489319e+04  6.06939674e+01  1.58489319e+04 -5.04715712e+00 
 1.99526231e+04  6.05600365e+01  1.99526231e+04 -6.34473600e+00 
 2.51188643e+04  6.03495745e+01  2.51188643e+04 -7.96920237e+00 
 3.16227766e+04  6.00204626e+01  3.16227766e+04 -9.99641581e+00 
 3.98107171e+04  5.95097072e+01  3.98107171e+04 -1.25136899e+01 
 5.01187234e+04  5.87262612e+01  5.01187234e+04 -1.56157075e+01 
 6.30957344e+04  5.75455710e+01  6.30957344e+04 -1.93944087e+01 
 7.94328235e+04  5.58119451e+01  7.94328235e+04 -2.39196925e+01 
 1.00000000e+05  5.33589405e+01  1.00000000e+05 -2.92094642e+01 
 1.25892541e+05  5.00574296e+01  1.25892541e+05 -3.51940245e+01 
 1.58489319e+05  4.58862514e+01  1.58489319e+05 -4.16912228e+01 
 1.99526231e+05  4.09903387e+01  1.99526231e+05 -4.84164594e+01 
 2.51188643e+05  3.56747479e+01  2.51188643e+05 -5.50392280e+01 
 3.16227766e+05  3.03191761e+01  3.16227766e+05 -6.12648521e+01 
 3.98107171e+05  2.52635258e+01  3.98107171e+05 -6.68982000e+01 
 5.01187234e+05  2.07333459e+01  5.01187234e+05 -7.18621822e+01 
 6.30957344e+05  1.68288364e+01  6.30957344e+05 -7.61778821e+01 
 7.94328235e+05  1.35547948e+01  7.94328235e+05 -7.99301027e+01 
 1.00000000e+06  1.08600810e+01  1.00000000e+06 -8.32368321e+01 
 1.25892541e+06  8.66907599e+00  1.25892541e+06 -8.62293777e+01 
 1.58489319e+06  6.90127992e+00  1.58489319e+06 -8.90424065e+01 
 1.99526231e+06  5.48143414e+00  1.99526231e+06 -9.18107039e+01 
 2.51188643e+06  4.34368284e+00  2.51188643e+06 -9.46695632e+01 
 3.16227766e+06  3.43250823e+00  3.16227766e+06 -9.77563393e+01 
 3.98107171e+06  2.70215338e+00  3.98107171e+06 -1.01210948e+02 
 5.01187234e+06  2.11549094e+00  5.01187234e+06 -1.05172732e+02 
 6.30957344e+06  1.64283440e+00  6.30957344e+06 -1.09770258e+02 
 7.94328235e+06  1.26092055e+00  7.94328235e+06 -1.15099970e+02 
 1.00000000e+07  9.52103603e-01  1.00000000e+07 -1.21191329e+02 
 1.25892541e+07  7.03609970e-01  1.25892541e+07 -1.27963627e+02 
 1.58489319e+07  5.06531977e-01  1.58489319e+07 -1.35194946e+02 
 1.99526231e+07  3.54309583e-01  1.99526231e+07 -1.42537231e+02 
 2.51188643e+07  2.40972112e-01  2.51188643e+07 -1.49598176e+02 
 3.16227766e+07  1.59984435e-01  3.16227766e+07 -1.56060195e+02 
 3.98107171e+07  1.04284400e-01  3.98107171e+07 -1.61765169e+02 
 5.01187234e+07  6.71238330e-02  5.01187234e+07 -1.66719962e+02 
 6.30957344e+07  4.28555548e-02  6.30957344e+07 -1.71044045e+02 
 7.94328235e+07  2.72224172e-02  7.94328235e+07 -1.74909460e+02 
 1.00000000e+08  1.72354416e-02  1.00000000e+08 -1.78502384e+02 
 1.25892541e+08  1.08869751e-02  1.25892541e+08  1.77992211e+02 
 1.58489319e+08  6.86332232e-03  1.58489319e+08  1.74392070e+02 
 1.99526231e+08  4.31774104e-03  1.99526231e+08  1.70513573e+02 
 2.51188643e+08  2.70919035e-03  2.51188643e+08  1.66166871e+02 
 3.16227766e+08  1.69372803e-03  3.16227766e+08  1.61153134e+02 
 3.98107171e+08  1.05339194e-03  3.98107171e+08  1.55266383e+02 
 5.01187234e+08  6.50330522e-04  5.01187234e+08  1.48302408e+02 
 6.30957344e+08  3.97458436e-04  6.30957344e+08  1.40076651e+02 
 7.94328235e+08  2.39759173e-04  7.94328235e+08  1.30450075e+02 
 1.00000000e+09  1.42398038e-04  1.00000000e+09  1.19356365e+02 
 1.25892541e+09  8.31948573e-05  1.25892541e+09  1.06816746e+02 
 1.58489319e+09  4.79097223e-05  1.58489319e+09  9.29273654e+01 
 1.99526231e+09  2.73498819e-05  1.99526231e+09  7.78189423e+01 
 2.51188643e+09  1.56189077e-05  2.51188643e+09  6.16125674e+01 
 3.16227766e+09  9.02410770e-06  3.16227766e+09  4.43981385e+01 
 3.98107171e+09  5.33802674e-06  3.98107171e+09  2.62349636e+01 
 5.01187234e+09  3.27102949e-06  5.01187234e+09  7.16257936e+00 
 6.30957344e+09  2.10181127e-06  6.30957344e+09 -1.27525273e+01 
 7.94328235e+09  1.43513971e-06  7.94328235e+09 -3.32737132e+01 
 1.00000000e+10  1.05453662e-06  1.00000000e+10 -5.37796005e+01 
